(0,0)
(1,0.29552)
(2,0.564642)
(3,0.783327)
(4,0.932039)
(5,0.997495)
(6,0.973848)
(7,0.863209)
(8,0.675463)
(9,0.42738)
(10,0.14112)
(11,-0.157746)
(12,-0.44252)
(13,-0.687766)
(14,-0.871576)
(15,-0.97753)
(16,-0.996165)
(17,-0.925815)
(18,-0.772764)
(19,-0.550686)
(20,-0.279415)
(21,0.0168141)
(22,0.311541)
(23,0.57844)
(24,0.793668)
(25,0.938)
(26,0.998543)
(27,0.96989)
(28,0.854599)
(29,0.662969)
(30,0.412118)
(31,0.124454)
(32,-0.174327)
(33,-0.457536)
(34,-0.699875)
(35,-0.879696)
(36,-0.980936)
(37,-0.994553)
(38,-0.919329)
(39,-0.761984)
(40,-0.536573)
(41,-0.263232)
(42,0.0336234)
(43,0.327474)
(44,0.592073)
(45,0.803784)
(46,0.943696)
(47,0.999309)
(48,0.965658)
(49,0.845747)
(50,0.650288)
(51,0.39674)
(52,0.107753)
(53,-0.190858)
(54,-0.472423)
(55,-0.711785)
(56,-0.887567)
(57,-0.984065)
(58,-0.992659)
(59,-0.912582)
(60,-0.750987)
(61,-0.522309)
(62,-0.246973)
(63,0.0504223)
(64,0.343316)
(65,0.60554)
(66,0.813673)
(67,0.949125)
(68,0.999793)
(69,0.961152)
(70,0.836656)
(71,0.637423)
(72,0.38125)
(73,0.0910228)
(74,-0.207337)
(75,-0.487175)
(76,-0.723494)
(77,-0.895188)
(78,-0.986915)
(79,-0.990485)
(80,-0.905578)
(81,-0.739779)
(82,-0.507896)
(83,-0.230646)
(84,0.0672088)
(85,0.359058)
(86,0.618834)
(87,0.823333)
(88,0.954285)
(89,0.999994)
(90,0.956376)
(91,0.827328)
(92,0.624377)
(93,0.365653)
(94,0.0742647)
(95,-0.223756)
(96,-0.501789)
(97,-0.735)
(98,-0.902554)
(99,-0.989487)
(100,-0.988032)
(101,-0.898319)
(102,-0.728361)
(103,-0.493341)
(104,-0.214252)
(105,0.0839745)
(106,0.3747)
(107,0.631954)
(108,0.83276)
(109,0.959176)
(110,0.999912)
(111,0.951329)
(112,0.817767)
(113,0.611154)
(114,0.349951)
(115,0.0574875)
(116,-0.240111)
(117,-0.516261)
(118,-0.746298)
(119,-0.909667)
(120,-0.991779)
(121,-0.985299)
(122,-0.890805)
(123,-0.716736)
(124,-0.478645)
(125,-0.197799)
(126,0.100716)
(127,0.390235)
(128,0.644898)
(129,0.841951)
(130,0.963795)
(131,0.999547)
(132,0.946013)
(133,0.807972)
(134,0.59776)
(135,0.334151)
(136,0.040694)
(137,-0.256398)
(138,-0.53059)
(139,-0.757383)
(140,-0.916522)
(141,-0.99379)
(142,-0.982287)
(143,-0.883037)
(144,-0.70491)
(145,-0.463816)
(146,-0.18129)
(147,0.11743)
(148,0.405663)
(149,0.657656)
(150,0.850904)
(151,0.968142)
(152,0.9989)
(153,0.940428)
(154,0.797952)
(155,0.584197)
(156,0.318257)
(157,0.0238891)
(158,-0.272617)
(159,-0.544767)
(160,-0.768255)
(161,-0.923117)
(162,-0.99552)
(163,-0.978997)
(164,-0.875022)
(165,-0.692885)
(166,-0.448855)
(167,-0.16473)
(168,0.134114)
(169,0.420974)
(170,0.670229)
(171,0.859616)
(172,0.972215)
(173,0.99797)
(174,0.934579)
(175,0.787705)
(176,0.570468)
(177,0.302273)
(178,0.00707353)
(179,-0.288754)
(180,-0.558789)
(181,-0.778909)
(182,-0.929452)
(183,-0.99697)
(184,-0.975431)
(185,-0.86676)
(186,-0.680664)
(187,-0.433767)
(188,-0.148119)
(189,0.150756)
(190,0.436165)
(191,0.682612)
(192,0.868085)
(193,0.976015)
(194,0.996759)
(195,0.928466)
(196,0.777236)
(197,0.556579)
(198,0.2862)
(199,-0.00974019)
(200,-0.304811)
(201,-0.572653)
(202,-0.789343)
(203,-0.935525)
(204,-0.998137)
(205,-0.971589)
(206,-0.858252)
(207,-0.668251)
(208,-0.418553)
(209,-0.131471)
(210,0.167356)
(211,0.451233)
(212,0.694803)
(213,0.87631)
(214,0.979536)
(215,0.995265)
(216,0.922088)
(217,0.766547)
(218,0.542529)
(219,0.270054)
(220,-0.0265512)
(221,-0.320784)
(222,-0.586356)
(223,-0.799556)
(224,-0.94133)
(225,-0.999021)
(226,-0.967471)
(227,-0.849502)
(228,-0.655645)
(229,-0.403228)
(230,-0.114785)
(231,0.183912)
(232,0.466173)
(233,0.706799)
(234,0.884284)
(235,0.982782)
(236,0.99349)
(237,0.915453)
(238,0.755639)
(239,0.528331)
(240,0.253823)
(241,-0.0433584)
(242,-0.33666)
(243,-0.599895)
(244,-0.809539)
(245,-0.946873)
(246,-0.999624)
(247,-0.963082)
(248,-0.840509)
(249,-0.64286)
(250,-0.387782)
(251,-0.0980628)
(252,0.200408)
(253,0.480985)
(254,0.71859)
(255,0.892012)
(256,0.985751)
(257,0.991435)
(258,0.908556)
(259,0.744523)
(260,0.513978)
(261,0.237521)
(262,-0.0601458)
(263,-0.352448)
(264,-0.613259)
(265,-0.819297)
(266,-0.952147)
(267,-0.999944)
(268,-0.958418)
(269,-0.831283)
(270,-0.629888)
(271,-0.372226)
(272,-0.0813206)
(273,0.216856)
(274,0.495654)
(275,0.730184)
(276,0.899487)
(277,0.988439)
(278,0.989098)
(279,0.901405)
(280,0.73319)
(281,0.49948)
(282,0.221159)
(283,-0.0769238)
(284,-0.368128)
(285,-0.626456)
(286,-0.828823)
(287,-0.95715)
(288,-0.999981)
(289,-0.953486)
(290,-0.821818)
(291,-0.616737)
(292,-0.356572)
(293,-0.0645479)
(294,0.233235)
(295,0.51019)
(296,0.741571)
(297,0.906705)
(298,0.990849)
(299,0.986483)
(300,0.893997)
(301,0.721651)
(302,0.484847)
(303,0.204728)
(304,-0.0936725)
(305,-0.383712)
(306,-0.639476)
(307,-0.838111)
(308,-0.961885)
(309,-0.999735)
(310,-0.948282)
(311,-0.81212)
(312,-0.603419)
(313,-0.34081)
(314,-0.0477645)
(315,0.249555)
(316,0.524581)
(317,0.752743)
(318,0.913669)
(319,0.992978)
(320,0.983588)
(321,0.886335)
(322,0.709912)
(323,0.470071)
(324,0.188245)
(325,-0.110402)
(326,-0.399188)
(327,-0.652309)
(328,-0.847166)
(329,-0.966346)
(330,-0.999207)
(331,-0.94281)
(332,-0.802197)
(333,-0.589923)
(334,-0.324959)
(335,-0.03096)
(336,0.265804)
(337,0.538818)
(338,0.763707)
(339,0.920372)
(340,0.994827)
(341,0.980414)
(342,0.878426)
(343,0.697968)
(344,0.455168)
(345,0.171702)
(346,-0.127101)
(347,-0.414543)
(348,-0.664963)
(349,-0.855978)
(350,-0.970535)
(351,-0.998396)
(352,-0.937074)
(353,-0.792043)
(354,-0.576267)
(355,-0.309008)
(356,-0.0141467)
(357,0.281971)
(358,0.552909)
(359,0.774451)
(360,0.926818)
(361,0.996394)
(362,0.976965)
(363,0.870266)
(364,0.685832)
(365,0.440129)
(366,0.155111)
(367,-0.143756)
(368,-0.429789)
(369,-0.677423)
(370,-0.864551)
(371,-0.97445)
(372,-0.997303)
(373,-0.93107)
(374,-0.78167)
(375,-0.562441)
(376,-0.292971)
(377,0.00266294)
(378,0.298066)
(379,0.566837)
(380,0.78498)
(381,0.933002)
(382,0.99768)
(383,0.973238)
(384,0.861863)
(385,0.673496)
(386,0.424967)
(387,0.138483)
(388,-0.160378)
(389,-0.444906)
(390,-0.689698)
(391,-0.87288)
(392,-0.978088)
(393,-0.995928)
(394,-0.924805)
(395,-0.771071)
(396,-0.548457)
(397,-0.276858)
(398,0.0194795)
(399,0.314069)
(400,0.580611)
(401,0.795288)
(402,0.93892)
(403,0.998684)
(404,0.969238)
(405,0.853212)
(406,0.66097)
(407,0.409691)
(408,0.121809)
(409,-0.176947)
(410,-0.459903)
(411,-0.701778)
(412,-0.880959)
(413,-0.981451)
(414,-0.994272)
(415,-0.918277)
(416,-0.760253)
(417,-0.534324)
(418,-0.260659)
(419,0.0362828)
(420,0.329991)
(421,0.594221)
(422,0.805366)
(423,0.944574)
(424,0.999405)
(425,0.964962)
(426,0.84432)
(427,0.648257)
(428,0.394299)
(429,0.105107)
(430,-0.193473)
(431,-0.474771)
(432,-0.713659)
(433,-0.888789)
(434,-0.984535)
(435,-0.992334)
(436,-0.911488)
(437,-0.749221)
(438,-0.52004)
(439,-0.244394)
(440,0.0530836)
(441,0.345819)
(442,0.607663)
(443,0.815216)
(444,0.949959)
(445,0.999844)
(446,0.960413)
(447,0.83519)
(448,0.635372)
(449,0.378789)
(450,0.0883687)
(451,-0.209945)
(452,-0.489505)
(453,-0.725327)
(454,-0.89637)
(455,-0.987342)
(456,-0.990115)
(457,-0.904442)
(458,-0.737987)
(459,-0.505602)
(460,-0.228052)
(461,0.0698693)
(462,0.36155)
(463,0.620921)
(464,0.824841)
(465,0.955078)
(466,1)
(467,0.955592)
(468,0.825832)
(469,0.622296)
(470,0.363171)
(471,0.071605)
(472,-0.226358)
(473,-0.504087)
(474,-0.736802)
(475,-0.903699)
(476,-0.989869)
(477,-0.987616)
(478,-0.897147)
(479,-0.726535)
(480,-0.491022)
(481,-0.211646)
(482,0.0866353)
(483,0.377164)
(484,0.634016)
(485,0.834232)
(486,0.959927)
(487,0.999873)
(488,0.950506)
(489,0.816232)
(490,0.609044)
(491,0.347451)
(492,0.0548211)
(493,-0.242691)
(494,-0.51854)
(495,-0.748068)
(496,-0.910771)
(497,-0.992117)
(498,-0.984841)
(499,-0.889592)
(500,-0.714876)
(501,-0.476302)
(502,-0.19518)
(503,0.103362)
(504,0.392685)
(505,0.646931)
(506,0.843387)
(507,0.964504)
(508,0.999464)
(509,0.945147)
(510,0.806401)
(511,0.59562)
(512,0.331633)
(513,0.0380369)
(514,-0.258971)
(515,-0.532846)
(516,-0.759122)
(517,-0.917586)
(518,-0.994083)
(519,-0.981784)
(520,-0.881785)
(521,-0.703016)
(522,-0.461448)
(523,-0.178674)
(524,0.120074)
(525,0.408096)
(526,0.659663)
(527,0.852303)
(528,0.968805)
(529,0.998772)
(530,0.93952)
(531,0.796341)
(532,0.582027)
(533,0.315735)
(534,0.0212268)
(535,-0.275178)
(536,-0.547001)
(537,-0.769961)
(538,-0.924136)
(539,-0.995769)
(540,-0.97845)
(541,-0.873728)
(542,-0.690957)
(543,-0.446477)
(544,-0.162103)
(545,0.136752)
(546,0.423391)
(547,0.672209)
(548,0.860971)
(549,0.972835)
(550,0.997797)
(551,0.933627)
(552,0.786057)
(553,0.568282)
(554,0.299734)
(555,0.00441063)
(556,-0.291307)
(557,-0.561002)
(558,-0.780574)
(559,-0.930431)
(560,-0.997173)
(561,-0.97484)
(562,-0.865425)
(563,-0.678713)
(564,-0.431366)
(565,-0.145485)
(566,0.153392)
(567,0.438566)
(568,0.684553)
(569,0.869403)
(570,0.976591)
(571,0.996541)
(572,0.927471)
(573,0.77556)
(574,0.554364)
(575,0.283648)
(576,-0.0124068)
(577,-0.307353)
(578,-0.574831)
(579,-0.790975)
(580,-0.936462)
(581,-0.998296)
(582,-0.970953)
(583,-0.856884)
(584,-0.666267)
(585,-0.416133)
(586,-0.128827)
(587,0.169988)
(588,0.453604)
(589,0.696715)
(590,0.87759)
(591,0.98007)
(592,0.995002)
(593,0.921058)
(594,0.764834)
(595,0.54029)
(596,0.267481)
(597,-0.0292207)
(598,-0.323298)
(599,-0.588511)
(600,-0.801153)
(601,-0.942228)
(602,-0.999136)
(603,-0.966796)
(604,-0.848094)
(605,-0.653632)
(606,-0.400783)
(607,-0.112131)
(608,0.186521)
(609,0.468527)
(610,0.70868)
(611,0.885528)
(612,0.983272)
(613,0.993184)
(614,0.914378)
(615,0.753892)
(616,0.526062)
(617,0.251239)
(618,-0.0460111)
(619,-0.339166)
(620,-0.602024)
(621,-0.811104)
(622,-0.947728)
(623,-0.999693)
(624,-0.962362)
(625,-0.839063)
(626,-0.640813)
(627,-0.385319)
(628,-0.0954199)
(629,0.203017)
(630,0.483318)
(631,0.720445)
(632,0.893216)
(633,0.986194)
(634,0.991083)
(635,0.90744)
(636,0.742737)
(637,0.511686)
(638,0.234941)
(639,-0.0628037)
(640,-0.354938)
(641,-0.615367)
(642,-0.820825)
(643,-0.952956)
(644,-0.999968)
(645,-0.957655)
(646,-0.829796)
(647,-0.627812)
(648,-0.36976)
(649,-0.0786662)
(650,0.219455)
(651,0.497972)
(652,0.732006)
(653,0.900644)
(654,0.988839)
(655,0.988702)
(656,0.900246)
(657,0.731372)
(658,0.497178)
(659,0.218562)
(660,-0.0795786)
(661,-0.37061)
(662,-0.628536)
(663,-0.830306)
(664,-0.957918)
(665,-0.999961)
(666,-0.952678)
(667,-0.820293)
(668,-0.614645)
(669,-0.354083)
(670,-0.0618903)
(671,0.235831)
(672,0.512485)
(673,0.74335)
(674,0.907825)
(675,0.991205)
(676,0.986042)
(677,0.892797)
(678,0.71981)
(679,0.482516)
(680,0.20212)
(681,-0.096331)
(682,-0.386177)
(683,-0.641515)
(684,-0.839561)
(685,-0.96261)
(686,-0.99967)
(687,-0.947431)
(688,-0.810568)
(689,-0.601293)
(690,-0.338305)
(691,-0.0450968)
(692,0.25214)
(693,0.52684)
(694,0.754493)
(695,0.914748)
(696,0.99329)
(697,0.983102)
(698,0.885102)
(699,0.708034)
(700,0.467719)
(701,0.185622)
(702,-0.113056)
(703,-0.401621)
(704,-0.654325)
(705,-0.848578)
(706,-0.967029)
(707,-0.999097)
(708,-0.941921)
(709,-0.800605)
(710,-0.587771)
(711,-0.322432)
(712,-0.0282906)
(713,0.268363)
(714,0.54106)
(715,0.765424)
(716,0.921414)
(717,0.995095)
(718,0.979888)
(719,0.877151)
(720,0.696059)
(721,0.452788)
(722,0.169071)
(723,-0.129734)
(724,-0.416965)
(725,-0.666949)
(726,-0.857356)
(727,-0.971175)
(728,-0.998242)
(729,-0.936141)
(730,-0.790415)
(731,-0.574082)
(732,-0.306467)
(733,-0.0114916)
(734,0.284525)
(735,0.555126)
(736,0.776138)
(737,0.927818)
(738,0.996616)
(739,0.976394)
(740,0.868951)
(741,0.683886)
(742,0.43773)
(743,0.152487)
(744,-0.146391)
(745,-0.432192)
(746,-0.679385)
(747,-0.86589)
(748,-0.975043)
(749,-0.997104)
(750,-0.930095)
(751,-0.780001)
(752,-0.560231)
(753,-0.290431)
(754,0.00532586)
(755,0.300607)
(756,0.569035)
(757,0.786632)
(758,0.933955)
(759,0.997858)
(760,0.972623)
(761,0.860505)
(762,0.67152)
(763,0.422562)
(764,0.135845)
(765,-0.163006)
(766,-0.447296)
(767,-0.691629)
(768,-0.874173)
(769,-0.978639)
(770,-0.995684)
(771,-0.923786)
(772,-0.769367)
(773,-0.546235)
(774,-0.274298)
(775,0.0221418)
(776,0.316604)
(777,0.582783)
(778,0.796895)
(779,0.939833)
(780,0.998817)
(781,0.968577)
(782,0.851816)
(783,0.658975)
(784,0.40726)
(785,0.119165)
(786,-0.179575)
(787,-0.462273)
(788,-0.703667)
(789,-0.882216)
(790,-0.981958)
(791,-0.993983)
(792,-0.917216)
(793,-0.758526)
(794,-0.532071)
(795,-0.258087)
(796,0.0389515)
(797,0.332511)
(798,0.596355)
(799,0.806942)
(800,0.945445)
(801,0.999493)
(802,0.964258)
(803,0.842895)
(804,0.646233)
(805,0.391843)
(806,0.102451)
(807,-0.196093)
(808,-0.477107)
(809,-0.715516)
(810,-0.890009)
(811,-0.984999)
(812,-0.992)
(813,-0.910393)
(814,-0.74746)
(815,-0.517757)
(816,-0.241803)
(817,0.0557502)
(818,0.348309)
(819,0.60977)
(820,0.81676)
(821,0.95079)
(822,0.999887)
(823,0.95967)
(824,0.833727)
(825,0.633308)
(826,0.376316)
(827,0.0857082)
(828,-0.212541)
(829,-0.491819)
(830,-0.727163)
(831,-0.897551)
(832,-0.987762)
(833,-0.989739)
(834,-0.903306)
(835,-0.736183)
(836,-0.503296)
(837,-0.225451)
(838,0.0725179)
(839,0.364024)
(840,0.623012)
(841,0.826348)
(842,0.955866)
(843,0.999998)
(844,0.954806)
(845,0.824323)
(846,0.620203)
(847,0.360682)
(848,0.0689563)
(849,-0.228943)
(850,-0.506392)
(851,-0.738605)
(852,-0.904839)
(853,-0.990243)
(854,-0.987194)
(855,-0.895964)
(856,-0.724707)
(857,-0.488693)
(858,-0.20905)
(859,0.0892955)
(860,0.379636)
(861,0.636067)
(862,0.835701)
(863,0.960668)
(864,0.999827)
(865,0.949673)
(866,0.814695)
(867,0.606924)
(868,0.34496)
(869,0.0521544)
(870,-0.245281)
(871,-0.520808)
(872,-0.749837)
(873,-0.911865)
(874,-0.992448)
(875,-0.984374)
(876,-0.888376)
(877,-0.713006)
(878,-0.473966)
(879,-0.19256)
(880,0.106017)
(881,0.395126)
(882,0.648965)
(883,0.844811)
(884,0.965206)
(885,0.999373)
(886,0.944276)
(887,0.804818)
(888,0.593485)
(889,0.329112)
(890,0.0353682)
(891,-0.261535)
(892,-0.535104)
(893,-0.760848)
(894,-0.918645)
(895,-0.994369)
(896,-0.981276)
(897,-0.880522)
(898,-0.701125)
(899,-0.459077)
(900,-0.176046)
(901,0.12271)
(902,0.410532)
(903,0.661656)
(904,0.853697)
(905,0.969463)
(906,0.998637)
(907,0.938602)
(908,0.794733)
(909,0.579853)
(910,0.3132)
(911,0.018572)
(912,-0.277744)
(913,-0.549222)
(914,-0.771663)
(915,-0.925153)
(916,-0.996009)
(917,-0.977895)
(918,-0.872433)
(919,-0.689024)
(920,-0.444086)
(921,-0.159482)
(922,0.139397)
(923,0.425795)
(924,0.674184)
(925,0.862327)
(926,0.973447)
(927,0.997617)
(928,0.932673)
(929,0.784404)
(930,0.566083)
(931,0.2972)
(932,0.00174007)
(933,-0.293846)
(934,-0.563211)
(935,-0.78224)
(936,-0.9314)
(937,-0.99737)
(938,-0.974244)
(939,-0.864083)
(940,-0.67675)
(941,-0.428969)
(942,-0.142842)
(943,0.156015)
(944,0.440965)
(945,0.686498)
(946,0.870712)
(947,0.977162)
(948,0.996316)
(949,0.926469)
(950,0.773872)
(951,0.552152)
(952,0.281086)
(953,-0.0150619)
(954,-0.309893)
(955,-0.577015)
(956,-0.792597)
(957,-0.937395)
(958,-0.998447)
(959,-0.970311)
(960,-0.855504)
(961,-0.664285)
(962,-0.413703)
(963,-0.126193)
(964,0.172619)
(965,0.455983)
(966,0.698618)
(967,0.878867)
(968,0.980594)
(969,0.994732)
(970,0.920014)
(971,0.763121)
(972,0.53804)
(973,0.264922)
(974,-0.03189)
(975,-0.325824)
(976,-0.590656)
(977,-0.802748)
(978,-0.943115)
(979,-0.999243)
(980,-0.96611)
(981,-0.846684)
(982,-0.651609)
(983,-0.398348)
(984,-0.109477)
(985,0.189144)
(986,0.470871)
(987,0.710562)
(988,0.886758)
(989,0.983755)
(990,0.992869)
(991,0.9133)
(992,0.752135)
(993,0.523802)
(994,0.248654)
(995,-0.0486787)
(996,-0.341663)
(997,-0.604154)
(998,-0.812654)
(999,-0.948577)
(1000,-0.999756)
(1001,-0.961637)
(1002,-0.837607)
(1003,-0.638772)
(1004,-0.382853)
(1005,-0.0927612)
(1006,0.205616)
(1007,0.485654)
(1008,0.722284)
(1009,0.894413)
(1010,0.986633)
(1011,0.990726)
(1012,0.906315)
(1013,0.740956)
(1014,0.50939)
(1015,0.232344)
(1016,-0.0654536)
(1017,-0.357434)
(1018,-0.617458)
(1019,-0.822348)
(1020,-0.953762)
(1021,-0.999986)
(1022,-0.956883)
(1023,-0.828311)
(1024,-0.625731)
(1025,-0.367277)
(1026,-0.0760188)
(1027,0.222059)
(1028,0.500273)
(1029,0.733823)
(1030,0.901801)
(1031,0.989231)
(1032,0.988299)
(1033,0.899087)
(1034,0.729548)
(1035,0.494859)
(1036,0.21597)
(1037,-0.0822404)
(1038,-0.373075)
(1039,-0.63061)
(1040,-0.831791)
(1041,-0.958677)
(1042,-0.999933)
(1043,-0.951867)
(1044,-0.818763)
(1045,-0.612536)
(1046,-0.351598)
(1047,-0.0592246)
(1048,0.23841)
(1049,0.514776)
(1050,0.745133)
(1051,0.908935)
(1052,0.991555)
(1053,0.985596)
(1054,0.891591)
(1055,0.717954)
(1056,0.480189)
(1057,0.199504)
(1058,-0.0989736)
(1059,-0.388639)
(1060,-0.643561)
(1061,-0.841)
(1062,-0.96333)
(1063,-0.999598)
(1064,-0.946573)
(1065,-0.809001)
(1066,-0.599169)
(1067,-0.335791)
(1068,-0.042444)
(1069,0.254723)
(1070,0.529108)
(1071,0.756233)
(1072,0.915824)
(1073,0.993594)
(1074,0.98261)
(1075,0.883856)
(1076,0.706157)
(1077,0.465356)
(1078,0.183012)
(1079,-0.115709)
(1080,-0.404065)
(1081,-0.65633)
(1082,-0.849988)
(1083,-0.967702)
(1084,-0.99898)
(1085,-0.941021)
(1086,-0.799011)
(1087,-0.585608)
(1088,-0.319917)
(1089,-0.025621)
(1090,0.270935)
(1091,0.543291)
(1092,0.76714)
(1093,0.922442)
(1094,0.995355)
(1095,0.979352)
(1096,0.875872)
(1097,0.694139)
(1098,0.450419)
(1099,0.166438)
(1100,-0.132382)
(1101,-0.419377)
(1102,-0.668937)
(1103,-0.858719)
(1104,-0.971808)
(1105,-0.99808)
(1106,-0.935204)
(1107,-0.788776)
(1108,-0.571906)
(1109,-0.303924)
(1110,-0.00882117)
(1111,0.28707)
(1112,0.557345)
(1113,0.777809)
(1114,0.928811)
(1115,0.996832)
(1116,0.975817)
(1117,0.867626)
(1118,0.681946)
(1119,0.435327)
(1120,0.149847)
(1121,-0.149017)
(1122,-0.434598)
(1123,-0.681331)
(1124,-0.867223)
(1125,-0.975633)
(1126,-0.996899)
(1127,-0.929111)
(1128,-0.778337)
(1129,-0.558017)
(1130,-0.287874)
(1131,0.00798112)
(1132,0.303153)
(1133,0.571217)
(1134,0.788278)
(1135,0.934906)
(1136,0.998028)
(1137,0.971999)
(1138,0.85915)
(1139,0.669538)
(1140,0.42014)
(1141,0.133214)
(1142,-0.16564)
(1143,-0.449669)
(1144,-0.693556)
(1145,-0.875467)
(1146,-0.979181)
(1147,-0.995433)
(1148,-0.922766)
(1149,-0.767659)
(1150,-0.543996)
(1151,-0.271743)
(1152,0.0248117)
(1153,0.319121)
(1154,0.584952)
(1155,0.798505)
(1156,0.940737)
(1157,0.998943)
(1158,0.967914)
(1159,0.850414)
(1160,0.656964)
(1161,0.404834)
(1162,0.116513)
(1163,-0.182186)
(1164,-0.46464)
(1165,-0.705562)
(1166,-0.883463)
(1167,-0.982459)
(1168,-0.993688)
(1169,-0.916149)
(1170,-0.756783)
(1171,-0.529821)
(1172,-0.255506)
(1173,0.0416047)
(1174,0.335028)
(1175,0.598496)
(1176,0.808507)
(1177,0.946312)
(1178,0.999574)
(1179,0.963547)
(1180,0.841455)
(1181,0.644204)
(1182,0.389385)
(1183,0.0998095)
(1184,-0.198711)
(1185,-0.479452)
(1186,-0.717369)
(1187,-0.891224)
(1188,-0.985454)
(1189,-0.991659)
(1190,-0.909285)
(1191,-0.745693)
(1192,-0.51547)
(1193,-0.239226)
(1194,0.0584164)
(1195,0.350811)
(1196,0.611872)
(1197,0.818298)
(1198,0.951609)
(1199,0.999924)
(1200,0.958916)
(1201,0.832258)
(1202,0.631239)
(1203,0.373854)
(1204,0.0830472)
(1205,-0.215149)
(1206,-0.494129)
(1207,-0.728994)
(1208,-0.898719)
(1209,-0.988175)
(1210,-0.989354)
(1211,-0.902164)
(1212,-0.734372)
(1213,-0.501)
(1214,-0.222849)
(1215,0.0751812)
(1216,0.366496)
(1217,0.625099)
(1218,0.82784)
(1219,0.956647)
(1220,0.99999)
(1221,0.954014)
(1222,0.822808)
(1223,0.618118)
(1224,0.35819)
(1225,0.0662918)
(1226,-0.231527)
(1227,-0.508693)
(1228,-0.740392)
(1229,-0.905973)
(1230,-0.990611)
(1231,-0.986769)
(1232,-0.894775)
(1233,-0.722865)
(1234,-0.486362)
(1235,-0.206438)
(1236,0.0919247)
(1237,0.382105)
(1238,0.638125)
(1239,0.837165)
(1240,0.961406)
(1241,0.999774)
(1242,0.948833)
(1243,0.813143)
(1244,0.604799)
(1245,0.342452)
(1246,0.0495177)
(1247,-0.247869)
(1248,-0.523086)
(1249,-0.751601)
(1250,-0.912958)
(1251,-0.992769)
(1252,-0.9839)
(1253,-0.887146)
(1254,-0.711131)
(1255,-0.471612)
(1256,-0.189969)
(1257,0.108673)
(1258,0.397578)
(1259,0.650994)
(1260,0.846236)
(1261,0.965893)
(1262,0.999275)
(1263,0.943394)
(1264,0.803231)
(1265,0.591333)
(1266,0.326618)
(1267,0.0326991)
(1268,-0.264112)
(1269,-0.537358)
(1270,-0.762578)
(1271,-0.919685)
(1272,-0.994649)
(1273,-0.980759)
(1274,-0.879253)
(1275,-0.699218)
(1276,-0.45673)
(1277,-0.173416)
(1278,0.125359)
(1279,0.412966)
(1280,0.663656)
(1281,0.855069)
(1282,0.970115)
(1283,0.998494)
(1284,0.937677)
(1285,0.793109)
(1286,0.5777)
(1287,0.310663)
(1288,0.0159018)
(1289,-0.280309)
(1290,-0.551452)
(1291,-0.773339)
(1292,-0.926164)
(1293,-0.996244)
(1294,-0.977334)
(1295,-0.871125)
(1296,-0.687108)
(1297,-0.441691)
(1298,-0.156845)
(1299,0.142041)
(1300,0.42821)
(1301,0.676131)
(1302,0.863676)
(1303,0.974054)
(1304,0.997429)
(1305,0.931706)
(1306,0.782763)
(1307,0.563879)
(1308,0.294649)
(1309,-0.000930508)
(1310,-0.296397)
(1311,-0.56539)
(1312,-0.783901)
(1313,-0.932369)
(1314,-0.99756)
(1315,-0.973639)
(1316,-0.862752)
(1317,-0.674781)
(1318,-0.426555)
(1319,-0.140199)
(1320,0.158652)
(1321,0.443333)
(1322,0.688437)
(1323,0.872023)
(1324,0.977726)
(1325,0.996084)
(1326,0.925472)
(1327,0.772177)
(1328,0.549924)
(1329,0.278522)
(1330,-0.0177321)
(1331,-0.312402)
(1332,-0.579194)
(1333,-0.794222)
(1334,-0.938322)
(1335,-0.998592)
(1336,-0.969669)
(1337,-0.854119)
(1338,-0.662286)
(1339,-0.41127)
(1340,-0.123543)
(1341,0.175219)
(1342,0.458358)
(1343,0.700526)
(1344,0.880138)
(1345,0.981114)
(1346,0.994458)
(1347,0.918964)
(1348,0.761393)
(1349,0.535787)
(1350,0.262346)
(1351,-0.0345286)
(1352,-0.328348)
(1353,-0.592808)
(1354,-0.804338)
(1355,-0.943999)
(1356,-0.999343)
(1357,-0.965417)
(1358,-0.84526)
(1359,-0.649581)
(1360,-0.395897)
(1361,-0.106853)
(1362,0.191766)
(1363,0.473226)
(1364,0.712439)
(1365,0.88799)
(1366,0.984226)
(1367,0.992547)
(1368,0.912209)
(1369,0.750372)
(1370,0.521525)
(1371,0.246096)
(1372,-0.0513459)
(1373,-0.344172)
(1374,-0.60628)
(1375,-0.814207)
(1376,-0.949409)
(1377,-0.999811)
(1378,-0.960901)
(1379,-0.836146)
(1380,-0.636715)
(1381,-0.380413)
(1382,-0.0901018)
(1383,0.208229)
(1384,0.487987)
(1385,0.724128)
(1386,0.895591)
(1387,0.987064)
(1388,0.99036)
(1389,0.905183)
(1390,0.73916)
(1391,0.507116)
(1392,0.229746)
(1393,-0.0681182)
(1394,-0.359927)
(1395,-0.619556)
(1396,-0.823847)
(1397,-0.954561)
(1398,-0.999997)
(1399,-0.956104)
(1400,-0.826812)
(1401,-0.623669)
(1402,-0.364792)
(1403,-0.0733557)
(1404,0.224662)
(1405,0.502583)
(1406,0.735614)
(1407,0.902952)
(1408,0.989619)
(1409,0.987888)
(1410,0.897914)
(1411,0.72774)
(1412,0.492537)
(1413,0.213361)
(1414,-0.0849016)
(1415,-0.375551)
(1416,-0.632657)
(1417,-0.833271)
(1418,-0.959433)
(1419,-0.999899)
(1420,-0.951045)
(1421,-0.817244)
(1422,-0.610423)
(1423,-0.349097)
(1424,-0.0565585)
(1425,0.241003)
(1426,0.517038)
(1427,0.746912)
(1428,0.910045)
(1429,0.991898)
(1430,0.985141)
(1431,0.890392)
(1432,0.716092)
(1433,0.477845)
(1434,0.196887)
(1435,-0.101631)
(1436,-0.39107)
(1437,-0.645603)
(1438,-0.842442)
(1439,-0.964043)
(1440,-0.999519)
(1441,-0.945719)
(1442,-0.807428)
(1443,-0.597029)
(1444,-0.333274)
(1445,-0.0397757)
(1446,0.257275)
(1447,0.531372)
(1448,0.757978)
(1449,0.916893)
(1450,0.993892)
(1451,0.982116)
(1452,0.882604)
(1453,0.704263)
(1454,0.462991)
(1455,0.180386)
(1456,-0.118331)
(1457,-0.406507)
(1458,-0.658343)
(1459,-0.851392)
(1460,-0.968372)
(1461,-0.998857)
(1462,-0.940114)
(1463,-0.797402)
(1464,-0.583441)
(1465,-0.317386)
(1466,-0.0229817)
(1467,0.273505)
(1468,0.545531)
(1469,0.76885)
(1470,0.92347)
(1471,0.995606)
(1472,0.978808)
(1473,0.874581)
(1474,0.692214)
(1475,0.448033)
(1476,0.163834)
(1477,-0.135028)
(1478,-0.4218)
(1479,-0.670919)
(1480,-0.860085)
(1481,-0.972427)
(1482,-0.997911)
(1483,-0.934255)
(1484,-0.787132)
(1485,-0.569713)
(1486,-0.301408)
(1487,-0.00615067)
(1488,0.289627)
(1489,0.55956)
(1490,0.779485)
(1491,0.929786)
(1492,0.997041)
(1493,0.975229)
(1494,0.866295)
(1495,0.67999)
(1496,0.432949)
(1497,0.147206)
(1498,-0.151657)
(1499,-0.437002)
(1500,-0.683284)
(1501,-0.868535)
(1502,-0.976215)
(1503,-0.996685)
(1504,-0.92812)
(1505,-0.776658)
(1506,-0.555824)
(1507,-0.285316)
(1508,0.0106516)
(1509,0.305697)
(1510,0.573407)
(1511,0.7899)
(1512,0.93585)
(1513,0.998192)
(1514,0.971368)
(1515,0.85778)
(1516,0.667575)
(1517,0.417715)
(1518,0.130567)
(1519,-0.168273)
(1520,-0.452053)
(1521,-0.695455)
(1522,-0.876754)
(1523,-0.97972)
(1524,-0.995174)
(1525,-0.921734)
(1526,-0.765964)
(1527,-0.541753)
(1528,-0.269172)
(1529,0.0274813)
(1530,0.321651)
(1531,0.587091)
(1532,0.80011)
(1533,0.941639)
(1534,0.999062)
(1535,0.967239)
(1536,0.849022)
(1537,0.654948)
(1538,0.40239)
(1539,0.11386)
(1540,-0.184811)
(1541,-0.466976)
(1542,-0.707452)
(1543,-0.884711)
(1544,-0.982954)
(1545,-0.993385)
(1546,-0.915088)
(1547,-0.755034)
(1548,-0.527554)
(1549,-0.252923)
(1550,0.0442728)
(1551,0.337514)
(1552,0.600634)
(1553,0.810076)
(1554,0.947172)
(1555,0.999649)
(1556,0.962837)
(1557,0.840009)
(1558,0.642159)
(1559,0.386924)
(1560,0.0971519)
(1561,-0.201298)
(1562,-0.481794)
(1563,-0.719227)
(1564,-0.892432)
(1565,-0.985904)
(1566,-0.991316)
(1567,-0.90817)
(1568,-0.743911)
(1569,-0.51318)
(1570,-0.236632)
(1571,0.0610518)
(1572,0.353311)
(1573,0.613982)
(1574,0.81983)
(1575,0.952427)
(1576,0.999953)
(1577,0.958155)
(1578,0.830774)
(1579,0.629165)
(1580,0.371376)
(1581,0.080416)
(1582,-0.217757)
(1583,-0.496449)
(1584,-0.730819)
(1585,-0.899887)
(1586,-0.988576)
(1587,-0.988962)
(1588,-0.901009)
(1589,-0.732557)
(1590,-0.498687)
(1591,-0.220274)
(1592,0.0778439)
(1593,0.368979)
(1594,0.627181)
(1595,0.829335)
(1596,0.957413)
(1597,0.999975)
(1598,0.95321)
(1599,0.821287)
(1600,0.616017)
(1601,0.355724)
(1602,0.0636269)
(1603,-0.234124)
(1604,-0.51099)
(1605,-0.742185)
(1606,-0.907087)
(1607,-0.990973)
(1608,-0.986333)
(1609,-0.893579)
(1610,-0.721017)
(1611,-0.484053)
(1612,-0.203824)
(1613,0.0945836)
(1614,0.384571)
(1615,0.640179)
(1616,0.838606)
(1617,0.962137)
(1618,0.999714)
(1619,0.947986)
(1620,0.811586)
(1621,0.602695)
(1622,0.339942)
(1623,0.0468503)
(1624,-0.250456)
(1625,-0.52536)
(1626,-0.75334)
(1627,-0.914044)
(1628,-0.993086)
(1629,-0.983419)
(1630,-0.885911)
(1631,-0.709273)
(1632,-0.469256)
(1633,-0.187346)
(1634,0.111327)
(1635,0.400027)
(1636,0.652996)
(1637,0.847656)
(1638,0.966581)
(1639,0.999169)
(1640,0.942504)
(1641,0.801655)
(1642,0.589177)
(1643,0.324093)
(1644,0.0300299)
(1645,-0.266686)
(1646,-0.539583)
(1647,-0.764303)
(1648,-0.92073)
(1649,-0.994921)
(1650,-0.980234)
(1651,-0.877992)
(1652,-0.697307)
(1653,-0.454353)
(1654,-0.170786)
(1655,0.128009)
(1656,0.415369)
(1657,0.665652)
(1658,0.856451)
(1659,0.970759)
(1660,0.998344)
(1661,0.936756)
(1662,0.791479)
(1663,0.575518)
(1664,0.308123)
(1665,0.0132315)
(1666,-0.282842)
(1667,-0.553678)
(1668,-0.77503)
(1669,-0.927168)
(1670,-0.996472)
(1671,-0.976771)
(1672,-0.869811)
(1673,-0.685165)
(1674,-0.439294)
(1675,-0.154207)
(1676,0.144654)
(1677,0.430622)
(1678,0.678096)
(1679,0.865019)
(1680,0.974655)
(1681,0.997236)
(1682,0.930733)
(1683,0.781099)
(1684,0.561672)
(1685,0.292096)
(1686,-0.00357056)
(1687,-0.298947)
(1688,-0.567591)
(1689,-0.785556)
(1690,-0.933331)
(1691,-0.997741)
(1692,-0.973026)
(1693,-0.861398)
(1694,-0.672808)
(1695,-0.424138)
(1696,-0.137584)
(1697,0.161289)
(1698,0.445725)
(1699,0.690371)
(1700,0.873327)
(1701,0.978277)
(1702,0.995844)
(1703,0.924457)
(1704,0.770478)
(1705,0.547691)
(1706,0.275985)
(1707,-0.0203716)
(1708,-0.314967)
(1709,-0.581369)
(1710,-0.795842)
(1711,-0.939232)
(1712,-0.998729)
(1713,-0.969005)
(1714,-0.852727)
(1715,-0.660283)
(1716,-0.408863)
(1717,-0.120923)
(1718,0.177878)
(1719,0.46073)
(1720,0.702429)
(1721,0.881388)
(1722,0.981622)
(1723,0.99417)
(1724,0.917908)
(1725,0.759659)
(1726,0.533556)
(1727,0.259797)
(1728,-0.037228)
(1729,-0.330869)
(1730,-0.594957)
(1731,-0.805903)
(1732,-0.944867)
(1733,-0.999437)
(1734,-0.964718)
(1735,-0.84383)
(1736,-0.647571)
(1737,-0.393472)
(1738,-0.104167)
(1739,0.194386)
(1740,0.475577)
(1741,0.714289)
(1742,0.889201)
(1743,0.9847)
(1744,0.992218)
(1745,0.911112)
(1746,0.748625)
(1747,0.519271)
(1748,0.243477)
(1749,-0.0540128)
(1750,-0.346678)
(1751,-0.608378)
(1752,-0.815737)
(1753,-0.950254)
(1754,-0.99986)
(1755,-0.960158)
(1756,-0.834695)
(1757,-0.634677)
(1758,-0.377913)
(1759,-0.0874418)
(1760,0.21084)
(1761,0.49029)
(1762,0.725947)
(1763,0.896789)
(1764,0.987489)
(1765,0.989986)
(1766,0.904058)
(1767,0.73738)
(1768,0.504786)
(1769,0.227146)
(1770,-0.0707823)
(1771,-0.362389)
(1772,-0.621626)
(1773,-0.825375)
(1774,-0.955353)
(1775,-1)
(1776,-0.955327)
(1777,-0.825324)
(1778,-0.621555)
(1779,-0.362304)
(1780,-0.0706921)
(1781,0.227234)
(1782,0.504864)
(1783,0.737441)
(1784,0.904097)
(1785,0.989999)
(1786,0.987475)
(1787,0.896749)
(1788,0.725884)
(1789,0.490211)
(1790,0.210752)
(1791,-0.0875319)
(1792,-0.377997)
(1793,-0.634747)
(1794,-0.834744)
(1795,-0.960183)
(1796,-0.999858)
(1797,-0.950226)
(1798,-0.815685)
(1799,-0.608306)
(1800,-0.346593)
(1801,-0.0539225)
(1802,0.243564)
(1803,0.519348)
(1804,0.748685)
(1805,0.911149)
(1806,0.992229)
(1807,0.984684)
(1808,0.889159)
(1809,0.714225)
(1810,0.475497)
(1811,0.194298)
(1812,-0.104257)
(1813,-0.393555)
(1814,-0.64764)
(1815,-0.843878)
(1816,-0.964741)
(1817,-0.999434)
(1818,-0.944837)
(1819,-0.80585)
(1820,-0.594884)
(1821,-0.330784)
(1822,-0.0371376)
(1823,0.259885)
(1824,0.533633)
(1825,0.759717)
(1826,0.917944)
(1827,0.99418)
(1828,0.981604)
(1829,0.881345)
(1830,0.702365)
(1831,0.460649)
(1832,0.177789)
(1833,-0.121013)
(1834,-0.408945)
(1835,-0.660351)
(1836,-0.852774)
(1837,-0.969027)
(1838,-0.998724)
(1839,-0.939201)
(1840,-0.795788)
(1841,-0.581295)
(1842,-0.314881)
(1843,-0.0202812)
(1844,0.276072)
(1845,0.547767)
(1846,0.770535)
(1847,0.92448)
(1848,0.995855)
(1849,0.978258)
(1850,0.873283)
(1851,0.690306)
(1852,0.445671)
(1853,0.161169)
(1854,-0.137674)
(1855,-0.42422)
(1856,-0.672875)
(1857,-0.861429)
(1858,-0.973054)
(1859,-0.997735)
(1860,-0.933299)
(1861,-0.785501)
(1862,-0.567541)
(1863,-0.298831)
(1864,-0.00348012)
(1865,0.292182)
(1866,0.561747)
(1867,0.781136)
(1868,0.930777)
(1869,0.997243)
(1870,0.974635)
(1871,0.864973)
(1872,0.678052)
(1873,0.430513)
(1874,0.144564)
(1875,-0.154296)
(1876,-0.439375)
(1877,-0.685209)
(1878,-0.86987)
(1879,-0.976791)
(1880,-0.996464)
(1881,-0.927134)
(1882,-0.774992)
(1883,-0.553577)
(1884,-0.282755)
(1885,0.013322)
(1886,0.308209)
(1887,0.575567)
(1888,0.791553)
(1889,0.936788)
(1890,0.998349)
(1891,0.970737)
(1892,0.85642)
(1893,0.665561)
(1894,0.415287)
(1895,0.127919)
(1896,-0.170875)
(1897,-0.454406)
(1898,-0.697393)
(1899,-0.878035)
(1900,-0.980252)
(1901,-0.994912)
(1902,-0.920707)
(1903,-0.764225)
(1904,-0.539506)
(1905,-0.266599)
(1906,0.0301203)
(1907,0.32415)
(1908,0.589275)
(1909,0.801709)
(1910,0.942535)
(1911,0.999173)
(1912,0.966565)
(1913,0.847592)
(1914,0.652928)
(1915,0.399944)
(1916,0.111237)
(1917,-0.187405)
(1918,-0.469363)
(1919,-0.709337)
(1920,-0.885953)
(1921,-0.983436)
(1922,-0.993079)
(1923,-0.913995)
(1924,-0.753281)
(1925,-0.525284)
(1926,-0.250368)
(1927,0.0469101)
(1928,0.340056)
(1929,0.602767)
(1930,0.811639)
(1931,0.948015)
(1932,0.999715)
(1933,0.962104)
(1934,0.838557)
(1935,0.64011)
(1936,0.384488)
(1937,0.094524)
(1938,-0.203943)
(1939,-0.484132)
(1940,-0.721079)
(1941,-0.89362)
(1942,-0.986342)
(1943,-0.990957)
(1944,-0.907049)
(1945,-0.742124)
(1946,-0.510912)
(1947,-0.234066)
(1948,0.0637476)
(1949,0.355808)
(1950,0.616088)
(1951,0.821339)
(1952,0.953228)
(1953,0.999975)
(1954,0.957387)
(1955,0.829285)
(1956,0.627111)
(1957,0.368924)
(1958,0.0777233)
(1959,-0.220362)
(1960,-0.498765)
(1961,-0.732619)
(1962,-0.901035)
(1963,-0.98898)
(1964,-0.988562)
(1965,-0.899847)
(1966,-0.730758)
(1967,-0.496397)
(1968,-0.217639)
(1969,0.0805061)
(1970,0.37146)
(1971,0.629235)
(1972,0.830807)
(1973,0.958189)
(1974,0.999952)
(1975,0.952399)
(1976,0.819778)
(1977,0.613935)
(1978,0.353198)
(1979,0.0609615)
(1980,-0.23672)
(1981,-0.513258)
(1982,-0.743951)
(1983,-0.908221)
(1984,-0.991328)
(1985,-0.985889)
(1986,-0.892391)
(1987,-0.719185)
(1988,-0.481688)
(1989,-0.201209)
(1990,0.0972419)
(1991,0.387007)
(1992,0.642205)
(1993,0.840074)
(1994,0.962862)
(1995,0.999646)
(1996,0.947143)
(1997,0.810041)
(1998,0.600537)
(1999,0.337429)
(2000,0.0441824)
(2001,-0.253011)
(2002,-0.527605)
(2003,-0.755114)
(2004,-0.915124)
(2005,-0.993396)
(2006,-0.982937)
(2007,-0.884683)
(2008,-0.707366)
(2009,-0.466896)
(2010,-0.184722)
(2011,0.11395)
(2012,0.402445)
(2013,0.65504)
(2014,0.84907)
(2015,0.967262)
(2016,0.999058)
(2017,0.941619)
(2018,0.800038)
(2019,0.587018)
(2020,0.321565)
(2021,0.0273909)
(2022,-0.26923)
(2023,-0.541855)
(2024,-0.766022)
(2025,-0.921769)
(2026,-0.995183)
(2027,-0.979708)
(2028,-0.876696)
(2029,-0.69539)
(2030,-0.451972)
(2031,-0.168184)
(2032,0.130626)
(2033,0.417825)
(2034,0.667642)
(2035,0.857826)
(2036,0.971389)
(2037,0.998188)
(2038,0.935808)
(2039,0.789844)
(2040,0.573332)
(2041,0.305611)
(2042,0.0105917)
(2043,-0.285432)
(2044,-0.5559)
(2045,-0.776714)
(2046,-0.928153)
(2047,-0.99669)
(2048,-0.976189)
(2049,-0.86849)
(2050,-0.683218)
(2051,-0.436921)
(2052,-0.151598)
(2053,0.147326)
(2054,0.43303)
(2055,0.680057)
(2056,0.86634)
(2057,0.975243)
(2058,0.997032)
(2059,0.929753)
(2060,0.779428)
(2061,0.559486)
(2062,0.28957)
(2063,-0.00627162)
(2064,-0.301494)
(2065,-0.569788)
(2066,-0.787187)
(2067,-0.934276)
(2068,-0.997919)
(2069,-0.972406)
(2070,-0.860039)
(2071,-0.670852)
(2072,-0.421746)
(2073,-0.134908)
(2074,0.163924)
(2075,0.448114)
(2076,0.692279)
(2077,0.87461)
(2078,0.978833)
(2079,0.995597)
(2080,0.923435)
(2081,0.768792)
(2082,0.545481)
(2083,0.273388)
(2084,-0.0230721)
(2085,-0.317472)
(2086,-0.583515)
(2087,-0.797438)
(2088,-0.940156)
(2089,-0.998861)
(2090,-0.968349)
(2091,-0.851345)
(2092,-0.658298)
(2093,-0.406396)
(2094,-0.118241)
(2095,0.180475)
(2096,0.463071)
(2097,0.704306)
(2098,0.882661)
(2099,0.982133)
(2100,0.993882)
(2101,0.916857)
(2102,0.757939)
(2103,0.53127)
(2104,0.257188)
(2105,-0.0398661)
(2106,-0.333359)
(2107,-0.597077)
(2108,-0.8075)
(2109,-0.945748)
(2110,-0.999522)
(2111,-0.964019)
(2112,-0.84241)
(2113,-0.645511)
(2114,-0.390987)
(2115,-0.101541)
(2116,0.196975)
(2117,0.477897)
(2118,0.716177)
(2119,0.890433)
(2120,0.985157)
(2121,0.991886)
(2122,0.91002)
(2123,0.746831)
(2124,0.516961)
(2125,0.240915)
(2126,-0.0566488)
(2127,-0.349153)
(2128,-0.610519)
(2129,-0.817297)
(2130,-0.951073)
(2131,-0.9999)
(2132,-0.959417)
(2133,-0.833204)
(2134,-0.632587)
(2135,-0.375468)
(2136,-0.0848115)
(2137,0.21342)
(2138,0.492642)
(2139,0.727802)
(2140,0.897954)
(2141,0.987902)
(2142,0.98961)
(2143,0.9029)
(2144,0.735552)
(2145,0.502505)
(2146,0.224574)
(2147,-0.0734155)
(2148,-0.364905)
(2149,-0.62374)
(2150,-0.826863)
(2151,-0.95613)
(2152,-0.999996)
(2153,-0.954525)
(2154,-0.823796)
(2155,-0.619485)
(2156,-0.359842)
(2157,-0.0680584)
(2158,0.229864)
(2159,0.507194)
(2160,0.739221)
(2161,0.905222)
(2162,0.990368)
(2163,0.987045)
(2164,0.895551)
(2165,0.724066)
(2166,0.487908)
(2167,0.20817)
(2168,-0.0902223)
(2169,-0.380496)
(2170,-0.636784)
(2171,-0.836195)
(2172,-0.960917)
(2173,-0.999809)
(2174,-0.949381)
(2175,-0.814155)
(2176,-0.606208)
(2177,-0.344115)
(2178,-0.0512251)
(2179,0.246183)
(2180,0.521602)
(2181,0.750432)
(2182,0.912234)
(2183,0.992562)
(2184,0.98421)
(2185,0.887948)
(2186,0.712375)
(2187,0.473173)
(2188,0.191647)
(2189,-0.106943)
(2190,-0.395981)
(2191,-0.649649)
(2192,-0.845292)
(2193,-0.965449)
(2194,-0.999339)
(2195,-0.943969)
(2196,-0.804284)
(2197,-0.59276)
(2198,-0.328233)
(2199,-0.0344382)
(2200,0.262433)
(2201,0.535864)
(2202,0.761431)
(2203,0.919012)
(2204,0.994467)
(2205,0.981097)
(2206,0.880095)
(2207,0.700483)
(2208,0.45825)
(2209,0.17513)
(2210,-0.123633)
(2211,-0.411353)
(2212,-0.662331)
(2213,-0.854181)
(2214,-0.969691)
(2215,-0.998588)
(2216,-0.938291)
(2217,-0.794186)
(2218,-0.579095)
(2219,-0.312316)
(2220,-0.0176416)
(2221,0.278609)
(2222,0.549974)
(2223,0.772254)
(2224,0.925506)
(2225,0.996092)
(2226,0.977707)
(2227,0.871993)
(2228,0.688349)
(2229,0.443252)
(2230,0.158563)
(2231,-0.140288)
(2232,-0.426609)
(2233,-0.67487)
(2234,-0.862797)
(2235,-0.973659)
(2236,-0.997554)
(2237,-0.932348)
(2238,-0.783826)
(2239,-0.565315)
(2240,-0.296311)
(2241,-0.000840075)
(2242,0.294706)
(2243,0.563979)
(2244,0.78282)
(2245,0.931739)
(2246,0.997435)
(2247,0.974041)
(2248,0.863615)
(2249,0.676064)
(2250,0.428128)
(2251,0.141952)
(2252,-0.156904)
(2253,-0.4418)
(2254,-0.687174)
(2255,-0.87117)
(2256,-0.977353)
(2257,-0.996239)
(2258,-0.926118)
(2259,-0.773282)
(2260,-0.551376)
(2261,-0.280222)
(2262,0.0159617)
(2263,0.310778)
(2264,0.577774)
(2265,0.793164)
(2266,0.937708)
(2267,0.998497)
(2268,0.970085)
(2269,0.855022)
(2270,0.663589)
(2271,0.412884)
(2272,0.1253)
(2273,-0.173536)
(2274,-0.45681)
(2275,-0.699283)
(2276,-0.879296)
(2277,-0.98077)
(2278,-0.994636)
(2279,-0.919649)
(2280,-0.762519)
(2281,-0.537282)
(2282,-0.264054)
(2283,0.03282)
(2284,0.326704)
(2285,0.591406)
(2286,0.803284)
(2287,0.943413)
(2288,0.999279)
(2289,0.965869)
(2290,0.846188)
(2291,0.650926)
(2292,0.397523)
(2293,0.108552)
(2294,-0.190058)
(2295,-0.471692)
(2296,-0.711195)
(2297,-0.887174)
(2298,-0.983922)
(2299,-0.992758)
(2300,-0.912921)
(2301,-0.751542)
(2302,-0.523035)
(2303,-0.247752)
(2304,0.049608)
(2305,0.342537)
(2306,0.604871)
(2307,0.813178)
(2308,0.948871)
(2309,0.999776)
(2310,0.961381)
(2311,0.837115)
(2312,0.638079)
(2313,0.381993)
(2314,0.0918347)
(2315,-0.206526)
(2316,-0.486441)
(2317,-0.722906)
(2318,-0.894829)
(2319,-0.986784)
(2320,-0.990599)
(2321,-0.905934)
(2322,-0.740352)
(2323,-0.508589)
(2324,-0.231439)
(2325,0.0663821)
(2326,0.358274)
(2327,0.618165)
(2328,0.822877)
(2329,0.954041)
(2330,0.99999)
(2331,0.956621)
(2332,0.827806)
(2333,0.625005)
(2334,0.366412)
(2335,0.075091)
(2336,-0.222937)
(2337,-0.501052)
(2338,-0.734455)
(2339,-0.902203)
(2340,-0.989367)
(2341,-0.988161)
(2342,-0.898692)
(2343,-0.728911)
(2344,-0.49405)
(2345,-0.215061)
(2346,0.0831373)
(2347,0.37391)
(2348,0.631332)
(2349,0.832308)
(2350,0.958941)
(2351,0.999923)
(2352,0.951591)
(2353,0.818228)
(2354,0.611801)
(2355,0.350727)
(2356,0.0583261)
(2357,-0.239284)
(2358,-0.515574)
(2359,-0.745754)
(2360,-0.909323)
(2361,-0.991671)
(2362,-0.985444)
(2363,-0.891169)
(2364,-0.717306)
(2365,-0.479373)
(2366,-0.198622)
(2367,0.0998691)
(2368,0.389496)
(2369,0.644273)
(2370,0.841504)
(2371,0.963571)
(2372,0.999573)
(2373,0.946273)
(2374,0.808454)
(2375,0.598424)
(2376,0.334943)
(2377,0.0415448)
(2378,-0.255623)
(2379,-0.529898)
(2380,-0.756842)
(2381,-0.916185)
(2382,-0.993695)
(2383,-0.982437)
(2384,-0.883421)
(2385,-0.705498)
(2386,-0.46456)
(2387,-0.182127)
(2388,0.116633)
(2389,0.404916)
(2390,0.657032)
(2391,0.850462)
(2392,0.967929)
(2393,0.998937)
(2394,0.940706)
(2395,0.798451)
(2396,0.584878)
(2397,0.319064)
(2398,0.0246907)
(2399,-0.27183)
(2400,-0.544072)
(2401,-0.767717)
(2402,-0.922789)
(2403,-0.995444)
(2404,-0.979163)
(2405,-0.875423)
(2406,-0.69349)
(2407,-0.449615)
(2408,-0.165521)
(2409,0.133304)
(2410,0.420222)
(2411,0.669605)
(2412,0.85918)
(2413,0.972027)
(2414,0.998022)
(2415,0.934874)
(2416,0.788222)
(2417,0.571167)
(2418,0.303038)
(2419,0.00789069)
(2420,-0.287961)
(2421,-0.558092)
(2422,-0.778375)
(2423,-0.929155)
(2424,-0.996906)
(2425,-0.975613)
(2426,-0.867178)
(2427,-0.681288)
(2428,-0.434489)
(2429,-0.148927)
(2430,0.149937)
(2431,0.435409)
(2432,0.68199)
(2433,0.867686)
(2434,0.975836)
(2435,0.996825)
(2436,0.928777)
(2437,0.777772)
(2438,0.557245)
(2439,0.286983)
(2440,-0.0089116)
(2441,-0.30401)
(2442,-0.571955)
(2443,-0.78885)
(2444,-0.935236)
(2445,-0.998086)
(2446,-0.971787)
(2447,-0.858689)
(2448,-0.668847)
(2449,-0.419295)
(2450,-0.132292)
(2451,0.166527)
(2452,0.450473)
(2453,0.694226)
(2454,0.875916)
(2455,0.97937)
(2456,0.995346)
(2457,0.922419)
(2458,0.767062)
(2459,0.543215)
(2460,0.270848)
(2461,-0.0257114)
(2462,-0.319974)
(2463,-0.585706)
(2464,-0.799065)
(2465,-0.941052)
(2466,-0.998984)
(2467,-0.967687)
(2468,-0.849924)
(2469,-0.656262)
(2470,-0.403982)
(2471,-0.115619)
(2472,0.183071)
(2473,0.465463)
(2474,0.706221)
(2475,0.883899)
(2476,0.982627)
(2477,0.993587)
(2478,0.915776)
(2479,0.756174)
(2480,0.529032)
(2481,0.254636)
(2482,-0.0425039)
(2483,-0.335905)
(2484,-0.599241)
(2485,-0.809054)
(2486,-0.946602)
(2487,-0.9996)
(2488,-0.963297)
(2489,-0.840952)
(2490,-0.643492)
(2491,-0.388556)
(2492,-0.098914)
(2493,0.199623)
(2494,0.480268)
(2495,0.718017)
(2496,0.891632)
(2497,0.985606)
(2498,0.991539)
(2499,0.908897)
(2500,0.745073)
(2501,0.514699)
(2502,0.238352)
(2503,-0.0593453)
(2504,-0.351683)
(2505,-0.612608)
(2506,-0.818815)
(2507,-0.951886)
(2508,-0.999935)
(2509,-0.958651)
(2510,-0.831741)
(2511,-0.63054)
(2512,-0.373019)
(2513,-0.0821199)
(2514,0.216058)
(2515,0.494938)
(2516,0.72961)
(2517,0.899113)
(2518,0.988317)
(2519,0.989218)
(2520,0.901762)
(2521,0.733761)
(2522,0.500221)
(2523,0.221941)
(2524,-0.076109)
(2525,-0.367361)
(2526,-0.625801)
(2527,-0.828344)
(2528,-0.956918)
(2529,-0.999986)
(2530,-0.953735)
(2531,-0.822296)
(2532,-0.61741)
(2533,-0.357321)
(2534,-0.0653633)
(2535,0.232432)
(2536,0.509467)
(2537,0.740997)
(2538,0.906366)
(2539,0.990738)
(2540,0.986618)
(2541,0.894373)
(2542,0.722243)
(2543,0.485548)
(2544,0.205527)
(2545,-0.0928512)
(2546,-0.382936)
(2547,-0.638818)
(2548,-0.837674)
(2549,-0.961661)
(2550,-0.999754)
(2551,-0.948548)
(2552,-0.812619)
(2553,-0.604058)
(2554,-0.341578)
(2555,-0.0485883)
(2556,0.248741)
(2557,0.523853)
(2558,0.752215)
(2559,0.913337)
(2560,0.99288)
(2561,0.983739)
(2562,0.886731)
(2563,0.710477)
(2564,0.470792)
(2565,0.189055)
(2566,-0.109567)
(2567,-0.398403)
(2568,-0.6517)
(2569,-0.846732)
(2570,-0.966133)
(2571,-0.99924)
(2572,-0.943095)
(2573,-0.802676)
(2574,-0.590583)
(2575,-0.325739)
(2576,-0.0317996)
(2577,0.26498)
(2578,0.538142)
(2579,0.76318)
(2580,0.92005)
(2581,0.994741)
(2582,0.980582)
(2583,0.878809)
(2584,0.698553)
(2585,0.455902)
(2586,0.17253)
(2587,-0.126252)
(2588,-0.413813)
(2589,-0.664352)
(2590,-0.855551)
(2591,-0.970333)
(2592,-0.998444)
(2593,-0.937353)
(2594,-0.792542)
(2595,-0.576941)
(2596,-0.309807)
(2597,-0.0150019)
(2598,0.281202)
(2599,0.552228)
(2600,0.773929)
(2601,0.926503)
(2602,0.996322)
(2603,0.977136)
(2604,0.870668)
(2605,0.686432)
(2606,0.440884)
(2607,0.155956)
(2608,-0.142962)
(2609,-0.429051)
(2610,-0.676816)
(2611,-0.864129)
(2612,-0.974258)
(2613,-0.997362)
(2614,-0.931368)
(2615,-0.782184)
(2616,-0.563136)
(2617,-0.293788)
(2618,0.00186102)
(2619,0.297286)
(2620,0.566157)
(2621,0.78446)
(2622,0.932694)
(2623,0.997625)
(2624,0.973426)
(2625,0.862281)
(2626,0.674117)
(2627,0.425741)
(2628,0.139277)
(2629,-0.159571)
(2630,-0.444167)
(2631,-0.689089)
(2632,-0.872463)
(2633,-0.977921)
(2634,-0.996001)
(2635,-0.925119)
(2636,-0.771605)
(2637,-0.549172)
(2638,-0.277628)
(2639,0.0186624)
(2640,0.313286)
(2641,0.579927)
(2642,0.794769)
(2643,0.938643)
(2644,0.998641)
(2645,0.969441)
(2646,0.85365)
(2647,0.661611)
(2648,0.410422)
(2649,0.12262)
(2650,-0.176135)
(2651,-0.459157)
(2652,-0.701168)
(2653,-0.880579)
(2654,-0.981294)
(2655,-0.994359)
(2656,-0.918609)
(2657,-0.760809)
(2658,-0.535002)
(2659,-0.261448)
(2660,0.0354586)
(2661,0.329198)
(2662,0.593533)
(2663,0.80489)
(2664,0.944306)
(2665,0.999376)
(2666,0.965182)
(2667,0.844778)
(2668,0.648873)
(2669,0.395043)
(2670,0.105928)
(2671,-0.192649)
(2672,-0.474018)
(2673,-0.713091)
(2674,-0.888417)
(2675,-0.98439)
(2676,-0.992437)
(2677,-0.91184)
(2678,-0.749757)
(2679,-0.520731)
(2680,-0.245194)
(2681,0.0522447)
(2682,0.345016)
(2683,0.60702)
(2684,0.814747)
(2685,0.949701)
(2686,0.999828)
(2687,0.960651)
(2688,0.835635)
(2689,0.635997)
(2690,0.379552)
(2691,0.0892054)
(2692,-0.209109)
(2693,-0.488799)
(2694,-0.72477)
(2695,-0.896004)
(2696,-0.987208)
(2697,-0.990234)
(2698,-0.904787)
(2699,-0.738533)
(2700,-0.506314)
(2701,-0.22887)
(2702,0.0690161)
(2703,0.360795)
(2704,0.620286)
(2705,0.824374)
(2706,0.954829)
(2707,0.999999)
(2708,0.955831)
(2709,0.826288)
(2710,0.622941)
(2711,0.363954)
(2712,0.0724581)
(2713,-0.225569)
(2714,-0.503388)
(2715,-0.736244)
(2716,-0.903339)
(2717,-0.989748)
(2718,-0.987743)
(2719,-0.897504)
(2720,-0.727101)
(2721,-0.491753)
(2722,-0.212482)
(2723,0.0858288)
(2724,0.376414)
(2725,0.633378)
(2726,0.833768)
(2727,0.959687)
(2728,0.999885)
(2729,0.950757)
(2730,0.816708)
(2731,0.60971)
(2732,0.348253)
(2733,0.0556294)
(2734,-0.241906)
(2735,-0.517834)
(2736,-0.74751)
(2737,-0.910418)
(2738,-0.992015)
(2739,-0.984981)
(2740,-0.889968)
(2741,-0.715464)
(2742,-0.477054)
(2743,-0.195974)
(2744,0.102556)
(2745,0.391927)
(2746,0.64629)
(2747,0.842927)
(2748,0.96429)
(2749,0.99949)
(2750,0.945416)
(2751,0.806897)
(2752,0.596307)
(2753,0.332397)
(2754,0.0388459)
(2755,-0.258174)
(2756,-0.532135)
(2757,-0.758565)
(2758,-0.917264)
(2759,-0.993994)
(2760,-0.981941)
(2761,-0.882181)
(2762,-0.703624)
(2763,-0.462166)
(2764,-0.179471)
(2765,0.119255)
(2766,0.407329)
(2767,0.65902)
(2768,0.85188)
(2769,0.968604)
(2770,0.998812)
(2771,0.939807)
(2772,0.796859)
(2773,0.582685)
(2774,0.316503)
(2775,0.0220514)
(2776,-0.27437)
(2777,-0.546285)
(2778,-0.769445)
(2779,-0.923827)
(2780,-0.995693)
(2781,-0.978623)
(2782,-0.874144)
(2783,-0.691542)
(2784,-0.447201)
(2785,-0.162916)
(2786,0.13592)
(2787,0.422616)
(2788,0.671609)
(2789,0.860559)
(2790,0.972644)
(2791,0.997853)
(2792,0.933933)
(2793,0.786557)
(2794,0.568948)
(2795,0.300521)
(2796,0.00525069)
(2797,-0.290488)
(2798,-0.560331)
(2799,-0.780068)
(2800,-0.930128)
(2801,-0.99711)
(2802,-0.97503)
(2803,-0.86583)
(2804,-0.679308)
(2805,-0.43211)
(2806,-0.146316)
(2807,0.152547)
(2808,0.437839)
(2809,0.683963)
(2810,0.868996)
(2811,0.97641)
(2812,0.996611)
(2813,0.927773)
(2814,0.776071)
(2815,0.555051)
(2816,0.284453)
(2817,-0.0115515)
(2818,-0.306583)
(2819,-0.574169)
(2820,-0.79047)
(2821,-0.936167)
(2822,-0.998246)
(2823,-0.971146)
(2824,-0.857301)
(2825,-0.666882)
(2826,-0.416897)
(2827,-0.129675)
(2828,0.16919)
(2829,0.452882)
(2830,0.696123)
(2831,0.877187)
(2832,0.9799)
(2833,0.995083)
(2834,0.921372)
(2835,0.765366)
(2836,0.540996)
(2837,0.268305)
(2838,-0.0284115)
(2839,-0.322532)
(2840,-0.587844)
(2841,-0.80065)
(2842,-0.941942)
(2843,-0.999102)
(2844,-0.967002)
(2845,-0.84853)
(2846,-0.654268)
(2847,-0.401566)
(2848,-0.112936)
(2849,0.185726)
(2850,0.467798)
(2851,0.708087)
(2852,0.88513)
(2853,0.983124)
(2854,0.993278)
(2855,0.914712)
(2856,0.754444)
(2857,0.526789)
(2858,0.252023)
(2859,-0.0452024)
(2860,-0.33839)
(2861,-0.601353)
(2862,-0.810603)
(2863,-0.94747)
(2864,-0.999673)
(2865,-0.962585)
(2866,-0.83952)
(2867,-0.641469)
(2868,-0.386066)
(2869,-0.0962258)
(2870,0.202209)
(2871,0.482582)
(2872,0.719852)
(2873,0.892851)
(2874,0.986059)
(2875,0.991193)
(2876,0.907793)
(2877,0.743309)
(2878,0.512381)
(2879,0.235728)
(2880,-0.0619805)
(2881,-0.354153)
(2882,-0.614692)
(2883,-0.820363)
(2884,-0.95271)
(2885,-0.999961)
(2886,-0.957897)
(2887,-0.830273)
(2888,-0.628441)
(2889,-0.370512)
(2890,-0.0794884)
(2891,0.218635)
(2892,0.49723)
(2893,0.731454)
(2894,0.900292)
(2895,0.988716)
(2896,0.988828)
(2897,0.900618)
(2898,0.731924)
(2899,0.49788)
(2900,0.219366)
(2901,-0.0787412)
(2902,-0.369816)
(2903,-0.627906)
(2904,-0.829855)
(2905,-0.957681)
(2906,-0.999968)
(2907,-0.952937)
(2908,-0.820756)
(2909,-0.615283)
(2910,-0.354854)
(2911,-0.0627287)
(2912,0.234999)
(2913,0.51179)
(2914,0.742808)
(2915,0.907478)
(2916,0.991093)
(2917,0.986184)
(2918,0.893161)
(2919,0.720372)
(2920,0.483239)
(2921,0.202943)
(2922,-0.0954796)
(2923,-0.38543)
(2924,-0.640894)
(2925,-0.839113)
(2926,-0.962382)
(2927,-0.999692)
(2928,-0.94769)
(2929,-0.811042)
(2930,-0.601952)
(2931,-0.339095)
(2932,-0.0459512)
(2933,0.251356)
(2934,0.526152)
(2935,0.753952)
(2936,0.914409)
(2937,0.993191)
(2938,0.98325)
(2939,0.885479)
(2940,0.708617)
(2941,0.468461)
(2942,0.186462)
(2943,-0.112252)
(2944,-0.400879)
(2945,-0.653701)
(2946,-0.848134)
(2947,-0.966811)
(2948,-0.999131)
(2949,-0.942193)
(2950,-0.801099)
(2951,-0.58845)
(2952,-0.323241)
(2953,-0.0290998)
(2954,0.267583)
(2955,0.540366)
(2956,0.764883)
(2957,0.921081)
(2958,0.995014)
(2959,0.980049)
(2960,0.877546)
(2961,0.696661)
(2962,0.453551)
(2963,0.169869)
(2964,-0.128931)
(2965,-0.416215)
(2966,-0.666323)
(2967,-0.856915)
(2968,-0.970982)
(2969,-0.99829)
(2970,-0.93643)
(2971,-0.790929)
(2972,-0.574782)
(2973,-0.307238)
(2974,-0.0123011)
(2975,0.283734)
(2976,0.554427)
(2977,0.775598)
(2978,0.927516)
(2979,0.996549)
(2980,0.976571)
(2981,0.869366)
(2982,0.68451)
(2983,0.438458)
(2984,0.153287)
(2985,-0.145575)
(2986,-0.431434)
(2987,-0.678757)
(2988,-0.865485)
(2989,-0.974863)
(2990,-0.997167)
(2991,-0.930403)
(2992,-0.780536)
(2993,-0.560902)
(2994,-0.291205)
(2995,0.00450106)
(2996,0.299806)
(2997,0.568332)
(2998,0.786132)
(2999,0.933665)
(3000,0.997803)
(3001,0.972818)
(3002,0.860941)
(3003,0.672119)
(3004,0.423295)
(3005,0.136663)
(3006,-0.162177)
(3007,-0.44653)
(3008,-0.691044)
(3009,-0.87378)
(3010,-0.978469)
(3011,-0.995762)
(3012,-0.924113)
(3013,-0.769884)
(3014,-0.546913)
(3015,-0.275091)
(3016,0.0213019)
(3017,0.315792)
(3018,0.582125)
(3019,0.796405)
(3020,0.939551)
(3021,0.998775)
(3022,0.96879)
(3023,0.85224)
(3024,0.659584)
(3025,0.408013)
(3026,0.119999)
(3027,-0.178733)
(3028,-0.461555)
(3029,-0.703091)
(3030,-0.881827)
(3031,-0.981799)
(3032,-0.994076)
(3033,-0.917538)
(3034,-0.759053)
(3035,-0.532769)
(3036,-0.258899)
(3037,0.0380968)
(3038,0.331747)
(3039,0.595705)
(3040,0.806454)
(3041,0.945171)
(3042,0.999466)
(3043,0.964472)
(3044,0.84333)
(3045,0.646862)
(3046,0.392616)
(3047,0.103302)
(3048,-0.195299)
(3049,-0.476395)
(3050,-0.71494)
(3051,-0.889626)
(3052,-0.984851)
(3053,-0.992102)
(3054,-0.910728)
(3055,-0.748008)
(3056,-0.518475)
(3057,-0.242633)
(3058,0.0549419)
(3059,0.34755)
(3060,0.609116)
(3061,0.816275)
(3062,0.950525)
(3063,0.999875)
(3064,0.959897)
(3065,0.834182)
(3066,0.633957)
(3067,0.377108)
(3068,0.0865148)
(3069,-0.211749)
(3070,-0.4911)
(3071,-0.726586)
(3072,-0.897174)
(3073,-0.987635)
(3074,-0.989854)
(3075,-0.90366)
(3076,-0.736751)
(3077,-0.504035)
(3078,-0.22624)
(3079,0.0717104)
(3080,0.363256)
(3081,0.622355)
(3082,0.825866)
(3083,0.955628)
(3084,1)
(3085,0.955051)
(3086,0.824798)
(3087,0.620874)
(3088,0.361437)
(3089,0.0697639)
(3090,-0.22814)
(3091,-0.505667)
(3092,-0.738028)
(3093,-0.904494)
(3094,-0.99013)
(3095,-0.987327)
(3096,-0.896337)
(3097,-0.725286)
(3098,-0.4894)
(3099,-0.209842)
(3100,0.0884588)
(3101,0.378858)
(3102,0.635418)
(3103,0.835256)
(3104,0.960442)
(3105,0.999842)
(3106,0.949936)
(3107,0.815182)
(3108,0.607567)
(3109,0.34572)
(3110,0.0529933)
(3111,-0.244467)
(3112,-0.520091)
(3113,-0.749301)
(3114,-0.911532)
(3115,-0.992345)
(3116,-0.984522)
(3117,-0.888761)
(3118,-0.713574)
(3119,-0.474678)
(3120,-0.193385)
(3121,0.105182)
(3122,0.394354)
(3123,0.648349)
(3124,0.844377)
(3125,0.964986)
(3126,0.999402)
(3127,0.944552)
(3128,0.805299)
(3129,0.594136)
(3130,0.329905)
(3131,0.0362077)
(3132,-0.260724)
(3133,-0.53442)
(3134,-0.760322)
(3135,-0.918313)
(3136,-0.99428)
(3137,-0.981438)
(3138,-0.880905)
(3139,-0.701702)
(3140,-0.459823)
(3141,-0.176873)
(3142,0.121876)
(3143,0.409794)
(3144,0.661049)
(3145,0.853259)
(3146,0.969257)
(3147,0.99868)
(3148,0.938881)
(3149,0.795224)
(3150,0.580538)
(3151,0.313998)
(3152,0.0194119)
(3153,-0.276967)
(3154,-0.548545)
(3155,-0.771128)
(3156,-0.924834)
(3157,-0.995934)
(3158,-0.978064)
(3159,-0.872829)
(3160,-0.689632)
(3161,-0.444838)
(3162,-0.160311)
(3163,0.138595)
(3164,0.425062)
(3165,0.673563)
(3166,0.861901)
(3167,0.973254)
(3168,0.997672)
(3169,0.932964)
(3170,0.784924)
(3171,0.566775)
(3172,0.298002)
(3173,0.00254962)
(3174,-0.293072)
(3175,-0.562516)
(3176,-0.781717)
(3177,-0.931094)
(3178,-0.997311)
(3179,-0.974427)
(3180,-0.864506)
(3181,-0.677368)
(3182,-0.429728)
(3183,-0.143644)
(3184,0.155215)
(3185,0.440211)
(3186,0.685886)
(3187,0.870299)
(3188,0.97699)
(3189,0.996386)
(3190,0.926785)
(3191,0.774403)
(3192,0.552853)
(3193,0.281863)
(3194,-0.0142524)
(3195,-0.309094)
(3196,-0.576328)
(3197,-0.792084)
(3198,-0.937113)
(3199,-0.998402)
(3200,-0.970513)
(3201,-0.855939)
(3202,-0.664912)
(3203,-0.41444)
(3204,-0.126996)
(3205,0.171792)
(3206,0.455235)
(3207,0.698016)
(3208,0.87848)
(3209,0.980435)
(3210,0.994818)
(3211,0.920343)
(3212,0.763664)
(3213,0.538723)
(3214,0.265702)
(3215,-0.0310504)
(3216,-0.32503)
(3217,-0.589977)
(3218,-0.802265)
(3219,-0.942845)
(3220,-0.99921)
(3221,-0.966326)
(3222,-0.84713)
(3223,-0.652223)
(3224,-0.399091)
(3225,-0.110312)
(3226,0.188319)
(3227,0.47013)
(3228,0.709992)
(3229,0.886384)
(3230,0.983604)
(3231,0.992969)
(3232,0.913642)
(3233,0.752668)
(3234,0.524491)
(3235,0.249467)
(3236,-0.0478396)
(3237,-0.340873)
(3238,-0.603509)
(3239,-0.812182)
(3240,-0.948311)
(3241,-0.999737)
(3242,-0.961867)
(3243,-0.838049)
(3244,-0.639394)
(3245,-0.383629)
(3246,-0.0935976)
(3247,0.204794)
(3248,0.484946)
(3249,0.721724)
(3250,0.894037)
(3251,0.986495)
(3252,0.99084)
(3253,0.906657)
(3254,0.7415)
(3255,0.510112)
(3256,0.233161)
(3257,-0.0646153)
(3258,-0.356678)
(3259,-0.616821)
(3260,-0.821869)
(3261,-0.953509)
(3262,-0.999981)
(3263,-0.957118)
(3264,-0.828764)
(3265,-0.626386)
(3266,-0.368059)
(3267,-0.0768565)
(3268,0.22127)
(3269,0.499572)
(3270,0.733252)
(3271,0.901438)
(3272,0.989108)
(3273,0.988422)
(3274,0.899441)
(3275,0.730122)
(3276,0.495589)
(3277,0.21679)
(3278,-0.0814336)
(3279,-0.372324)
(3280,-0.629958)
(3281,-0.831325)
(3282,-0.958438)
(3283,-0.999942)
(3284,-0.952115)
(3285,-0.819245)
(3286,-0.6132)
(3287,-0.352384)
(3288,-0.0600327)
(3289,0.237624)
(3290,0.514056)
(3291,0.744573)
(3292,0.908584)
(3293,0.991449)
(3294,0.985733)
(3295,0.891971)
(3296,0.718538)
(3297,0.480926)
(3298,0.200297)
(3299,-0.098168)
(3300,-0.387865)
(3301,-0.642918)
(3302,-0.840546)
(3303,-0.963112)
(3304,-0.999621)
(3305,-0.946844)
(3306,-0.809495)
(3307,-0.599841)
(3308,-0.336553)
(3309,-0.0432528)
(3310,0.253911)
(3311,0.528395)
(3312,0.755683)
(3313,0.915499)
(3314,0.993502)
(3315,0.982766)
(3316,0.884249)
(3317,0.706751)
(3318,0.466073)
(3319,0.183808)
(3320,-0.114875)
(3321,-0.403297)
(3322,-0.655696)
(3323,-0.849561)
(3324,-0.967498)
(3325,-0.999017)
(3326,-0.941305)
(3327,-0.799516)
(3328,-0.586264)
(3329,-0.320684)
(3330,-0.0264608)
(3331,0.270126)
(3332,0.542585)
(3333,0.76662)
(3334,0.922129)
(3335,0.995274)
(3336,0.979521)
(3337,0.876278)
(3338,0.694721)
(3339,0.451142)
(3340,0.167267)
(3341,-0.131549)
(3342,-0.418614)
(3343,-0.668335)
(3344,-0.858304)
(3345,-0.97161)
(3346,-0.998132)
(3347,-0.935501)
(3348,-0.789273)
(3349,-0.57257)
(3350,-0.304724)
(3351,-0.00966121)
(3352,0.286265)
(3353,0.556673)
(3354,0.7773)
(3355,0.928499)
(3356,0.996765)
(3357,0.976)
(3358,0.868028)
(3359,0.682538)
(3360,0.436083)
(3361,0.150678)
(3362,-0.148186)
(3363,-0.433869)
(3364,-0.680739)
(3365,-0.866805)
(3366,-0.975448)
(3367,-0.996964)
(3368,-0.92941)
(3369,-0.778845)
(3370,-0.558714)
(3371,-0.288679)
(3372,0.00714107)
(3373,0.302381)
(3374,0.570552)
(3375,0.787761)
(3376,0.934607)
(3377,0.997975)
(3378,0.972189)
(3379,0.859564)
(3380,0.670162)
(3381,0.420902)
(3382,0.134047)
(3383,-0.164841)
(3384,-0.448946)
(3385,-0.69295)
(3386,-0.87506)
(3387,-0.979011)
(3388,-0.99551)
(3389,-0.923078)
(3390,-0.768197)
(3391,-0.544701)
(3392,-0.272552)
(3393,0.0240023)
(3394,0.318354)
(3395,0.58427)
(3396,0.797999)
(3397,0.940451)
(3398,0.998905)
(3399,0.968117)
(3400,0.850856)
(3401,0.657597)
(3402,0.405602)
(3403,0.117317)
(3404,-0.18139)
(3405,-0.463896)
(3406,-0.704966)
(3407,-0.883069)
(3408,-0.982308)
(3409,-0.993779)
(3410,-0.916485)
(3411,-0.757332)
(3412,-0.530533)
(3413,-0.256289)
(3414,0.0407348)
(3415,0.334236)
(3416,0.597872)
(3417,0.808012)
(3418,0.94605)
(3419,0.999549)
(3420,0.963771)
(3421,0.841875)
(3422,0.644846)
(3423,0.39013)
(3424,0.100676)
(3425,-0.197887)
(3426,-0.478768)
(3427,-0.716783)
(3428,-0.890856)
(3429,-0.985305)
(3430,-0.991767)
(3431,-0.909609)
(3432,-0.746253)
(3433,-0.516164)
(3434,-0.240071)
(3435,0.0575778)
(3436,0.350082)
(3437,0.611207)
(3438,0.817832)
(3439,0.951342)
(3440,0.999913)
(3441,0.959136)
(3442,0.832723)
(3443,0.631866)
(3444,0.374662)
(3445,0.0838843)
(3446,-0.214389)
(3447,-0.493398)
(3448,-0.728439)
(3449,-0.898337)
(3450,-0.988046)
(3451,-0.989467)
(3452,-0.902526)
(3453,-0.734922)
(3454,-0.501753)
(3455,-0.223668)
(3456,0.0744043)
(3457,0.365714)
(3458,0.624467)
(3459,0.827351)
(3460,0.956402)
(3461,0.999993)
(3462,0.954265)
(3463,0.823268)
(3464,0.618802)
(3465,0.358974)
(3466,0.0670691)
(3467,-0.23071)
(3468,-0.507996)
(3469,-0.739807)
(3470,-0.905617)
(3471,-0.990505)
(3472,-0.986905)
(3473,-0.895136)
(3474,-0.723466)
(3475,-0.487096)
(3476,-0.2072)
(3477,0.0910882)
(3478,0.381357)
(3479,0.637455)
(3480,0.836705)
(3481,0.961191)
(3482,0.999792)
(3483,0.949088)
(3484,0.81365)
(3485,0.605468)
(3486,0.343184)
(3487,0.0503568)
(3488,-0.247085)
(3489,-0.522344)
(3490,-0.751047)
(3491,-0.912639)
(3492,-0.992667)
(3493,-0.984045)
(3494,-0.887548)
(3495,-0.711722)
(3496,-0.472299)
(3497,-0.190794)
(3498,0.107868)
(3499,0.396779)
(3500,0.650357)
(3501,0.845821)
(3502,0.965675)
(3503,0.999305)
(3504,0.943682)
(3505,0.803731)
(3506,0.591961)
(3507,0.327412)
(3508,0.0335083)
(3509,-0.263272)
(3510,-0.536649)
(3511,-0.762074)
(3512,-0.919354)
(3513,-0.994565)
(3514,-0.980928)
(3515,-0.879653)
(3516,-0.699775)
(3517,-0.457477)
(3518,-0.174214)
(3519,0.124496)
(3520,0.412201)
(3521,0.663073)
(3522,0.854633)
(3523,0.969918)
(3524,0.998541)
(3525,0.937969)
(3526,0.793583)
(3527,0.578386)
(3528,0.311432)
(3529,0.0167723)
(3530,-0.279502)
(3531,-0.550802)
(3532,-0.772806)
(3533,-0.925858)
(3534,-0.996168)
(3535,-0.977511)
(3536,-0.871507)
(3537,-0.687718)
(3538,-0.442417)
(3539,-0.157705)
(3540,0.14121)
(3541,0.427506)
(3542,0.675512)
(3543,0.863267)
(3544,0.973857)
(3545,0.997489)
(3546,0.931989)
(3547,0.783286)
(3548,0.564548)
(3549,0.29548)
(3550,-9.04331e-005)
(3551,-0.295653)
(3552,-0.564697)
(3553,-0.783398)
(3554,-0.932054)
(3555,-0.997501)
(3556,-0.973816)
(3557,-0.863176)
(3558,-0.675379)
(3559,-0.427342)
(3560,-0.14103)
(3561,0.157883)
(3562,0.44258)
(3563,0.68785)
(3564,0.871596)
(3565,0.977549)
(3566,0.996152)
(3567,0.92579)
(3568,0.772692)
(3569,0.550651)
(3570,0.279329)
(3571,-0.0169531)
(3572,-0.311604)
(3573,-0.578533)
(3574,-0.793693)
(3575,-0.938031)
(3576,-0.998551)
(3577,-0.969874)
(3578,-0.854539)
(3579,-0.662938)
(3580,-0.412036)
(3581,-0.124316)
(3582,0.174392)
(3583,0.457638)
(3584,0.699904)
(3585,0.879739)
(3586,0.980963)
(3587,0.994546)
(3588,0.919283)
(3589,0.761957)
(3590,0.536497)
(3591,0.263097)
(3592,-0.033689)
(3593,-0.327583)
(3594,-0.592107)
(3595,-0.803838)
(3596,-0.943742)
(3597,-0.999312)
(3598,-0.965628)
(3599,-0.845725)
(3600,-0.650219)
(3601,-0.396613)
(3602,-0.107688)
(3603,0.190971)
(3604,0.472459)
(3605,0.711849)
(3606,0.887631)
(3607,0.984077)
(3608,0.992646)
(3609,0.912565)
(3610,0.750928)
(3611,0.52219)
(3612,0.24691)
(3613,-0.0505374)
(3614,-0.343354)
(3615,-0.605612)
(3616,-0.813755)
(3617,-0.949145)
(3618,-0.999795)
(3619,-0.961141)
(3620,-0.836606)
(3621,-0.637315)
(3622,-0.381189)
(3623,-0.090908)
(3624,0.207377)
(3625,0.487253)
(3626,0.723591)
(3627,0.895217)
(3628,0.986934)
(3629,0.99048)
(3630,0.90554)
(3631,0.739685)
(3632,0.50784)
(3633,0.230534)
(3634,-0.0672496)
(3635,-0.359143)
(3636,-0.618944)
(3637,-0.82337)
(3638,-0.954319)
(3639,-0.999994)
(3640,-0.956349)
(3641,-0.82725)
(3642,-0.624326)
(3643,-0.365546)
(3644,-0.074224)
(3645,0.223844)
(3646,0.50191)
(3647,0.735044)
(3648,0.902604)
(3649,0.989493)
(3650,0.988018)
(3651,0.898257)
(3652,0.728316)
(3653,0.493241)
(3654,0.214212)
(3655,-0.0840646)
(3656,-0.374829)
(3657,-0.632006)
(3658,-0.832823)
(3659,-0.959188)
(3660,-0.999911)
(3661,-0.951286)
(3662,-0.817728)
(3663,-0.611064)
(3664,-0.349912)
(3665,-0.0573972)
(3666,0.240247)
(3667,0.516319)
(3668,0.746373)
(3669,0.909684)
(3670,0.99179)
(3671,0.985275)
(3672,0.890774)
(3673,0.716657)
(3674,0.478609)
(3675,0.19771)
(3676,-0.100856)
(3677,-0.390297)
(3678,-0.644984)
(3679,-0.841973)
(3680,-0.96382)
(3681,-0.999543)
(3682,-0.945991)
(3683,-0.807906)
(3684,-0.597727)
(3685,-0.334066)
(3686,-0.0405541)
(3687,0.256463)
(3688,0.530686)
(3689,0.75741)
(3690,0.916558)
(3691,0.993806)
(3692,0.982274)
(3693,0.882984)
(3694,0.704881)
(3695,0.463735)
(3696,0.181152)
(3697,-0.117497)
(3698,-0.405767)
(3699,-0.657687)
(3700,-0.850951)
(3701,-0.968177)
(3702,-0.998897)
(3703,-0.94039)
(3704,-0.797927)
(3705,-0.584123)
(3706,-0.318124)
(3707,-0.0238215)
(3708,0.272726)
(3709,0.544801)
(3710,0.768313)
(3711,0.923171)
(3712,0.995527)
(3713,0.978974)
(3714,0.875002)
(3715,0.69282)
(3716,0.44873)
(3717,0.164663)
(3718,-0.134226)
(3719,-0.421011)
(3720,-0.670296)
(3721,-0.859687)
(3722,-0.972231)
(3723,-0.997963)
(3724,-0.934565)
(3725,-0.78765)
(3726,-0.570353)
(3727,-0.302209)
(3728,-0.00696021)
(3729,0.288794)
(3730,0.558864)
(3731,0.778997)
(3732,0.929476)
(3733,0.996978)
(3734,0.975422)
(3735,0.866714)
(3736,0.680561)
(3737,0.433706)
(3738,0.148007)
(3739,-0.150796)
(3740,-0.436246)
(3741,-0.682715)
(3742,-0.868118)
(3743,-0.976039)
(3744,-0.996755)
(3745,-0.928432)
(3746,-0.777148)
(3747,-0.556523)
(3748,-0.286092)
(3749,0.00978103)
(3750,0.304897)
(3751,0.572768)
(3752,0.789384)
(3753,0.935565)
(3754,0.998139)
(3755,0.971567)
(3756,0.85818)
(3757,0.6682)
(3758,0.41845)
(3759,0.13143)
(3760,-0.167445)
(3761,-0.451358)
(3762,-0.694851)
(3763,-0.876365)
(3764,-0.979545)
(3765,-0.995256)
(3766,-0.922036)
(3767,-0.766504)
(3768,-0.542433)
(3769,-0.270011)
(3770,0.0266416)
(3771,0.320913)
(3772,0.586411)
(3773,0.799624)
(3774,0.941346)
(3775,0.999025)
(3776,0.967437)
(3777,0.849466)
(3778,0.65556)
(3779,0.403187)
(3780,0.114695)
(3781,-0.184046)
(3782,-0.466233)
(3783,-0.706879)
(3784,-0.884305)
(3785,-0.982799)
(3786,-0.993474)
(3787,-0.915426)
(3788,-0.755565)
(3789,-0.528293)
(3790,-0.253736)
(3791,0.0434945)
(3792,0.336723)
(3793,0.599986)
(3794,0.809565)
(3795,0.946902)
(3796,0.999628)
(3797,0.963064)
(3798,0.840448)
(3799,0.642826)
(3800,0.387698)
(3801,0.0979272)
(3802,-0.200475)
(3803,-0.481084)
(3804,-0.718621)
(3805,-0.892053)
(3806,-0.985774)
(3807,-0.991426)
(3808,-0.908509)
(3809,-0.744493)
(3810,-0.513901)
(3811,-0.237389)
(3812,0.0602132)
(3813,0.352554)
(3814,0.613295)
(3815,0.819349)
(3816,0.952189)
(3817,0.999944)
(3818,0.958386)
(3819,0.831258)
(3820,0.629818)
(3821,0.372099)
(3822,0.0812533)
(3823,-0.216966)
(3824,-0.495693)
(3825,-0.730246)
(3826,-0.899547)
(3827,-0.988449)
(3828,-0.989081)
(3829,-0.901386)
(3830,-0.733129)
(3831,-0.499362)
(3832,-0.221094)
(3833,0.0770368)
(3834,0.36817)
(3835,0.626527)
(3836,0.8289)
(3837,0.95717)
(3838,0.99998)
(3839,0.953473)
(3840,0.821766)
(3841,0.61663)
(3842,0.356509)
(3843,0.0644348)
(3844,-0.233278)
(3845,-0.510268)
(3846,-0.741662)
(3847,-0.906733)
(3848,-0.990864)
(3849,-0.986476)
(3850,-0.893956)
(3851,-0.721556)
(3852,-0.484788)
(3853,-0.204617)
(3854,0.0937169)
(3855,0.383796)
(3856,0.63958)
(3857,0.838148)
(3858,0.961916)
(3859,0.999734)
(3860,0.948253)
(3861,0.812041)
(3862,0.603365)
(3863,0.340703)
(3864,0.0477199)
(3865,-0.249642)
(3866,-0.524697)
(3867,-0.752787)
(3868,-0.913715)
(3869,-0.992983)
(3870,-0.983571)
(3871,-0.886272)
(3872,-0.709865)
(3873,-0.469971)
(3874,-0.188202)
(3875,0.110492)
(3876,0.399313)
(3877,0.65236)
(3878,0.847227)
(3879,0.966357)
(3880,0.999203)
(3881,0.942764)
(3882,0.802157)
(3883,0.589831)
(3884,0.324916)
(3885,0.0308696)
(3886,-0.265936)
(3887,-0.538875)
(3888,-0.763781)
(3889,-0.92039)
(3890,-0.994836)
(3891,-0.980388)
(3892,-0.878394)
(3893,-0.697887)
(3894,-0.455128)
(3895,-0.171613)
(3896,0.127236)
(3897,0.414605)
(3898,0.665047)
(3899,0.856001)
(3900,0.970557)
(3901,0.998388)
(3902,0.93705)
(3903,0.791974)
(3904,0.57623)
(3905,0.308922)
(3906,0.0140105)
(3907,-0.282036)
(3908,-0.553003)
(3909,-0.774479)
(3910,-0.926852)
(3911,-0.996406)
(3912,-0.976951)
(3913,-0.87021)
(3914,-0.685799)
(3915,-0.440048)
(3916,-0.154976)
(3917,0.143823)
(3918,0.429891)
(3919,0.677456)
(3920,0.864597)
(3921,0.974481)
(3922,0.997298)
(3923,0.931028)
(3924,0.781642)
(3925,0.562367)
(3926,0.292841)
(3927,-0.00273049)
(3928,-0.298174)
(3929,-0.566874)
(3930,-0.785036)
(3931,-0.933051)
(3932,-0.997684)
(3933,-0.973212)
(3934,-0.86184)
(3935,-0.673429)
(3936,-0.424843)
(3937,-0.138416)
(3938,0.16049)
(3939,0.444946)
(3940,0.689763)
(3941,0.872947)
(3942,0.978102)
(3943,0.995918)
(3944,0.924788)
(3945,0.771013)
(3946,0.548343)
(3947,0.276793)
(3948,-0.0195928)
(3949,-0.314112)
(3950,-0.580685)
(3951,-0.79537)
(3952,-0.938943)
(3953,-0.998689)
(3954,-0.969227)
(3955,-0.853165)
(3956,-0.660868)
(3957,-0.409629)
(3958,-0.121696)
(3959,0.176991)
(3960,0.459984)
(3961,0.701875)
(3962,0.880991)
(3963,0.981473)
(3964,0.994267)
(3965,0.918241)
(3966,0.760165)
(3967,0.534267)
(3968,0.260549)
(3969,-0.0363275)
(3970,-0.330076)
(3971,-0.594331)
(3972,-0.805406)
(3973,-0.944611)
(3974,-0.999406)
(3975,-0.964938)
(3976,-0.844247)
(3977,-0.648211)
(3978,-0.394188)
(3979,-0.105063)
(3980,0.193562)
(3981,0.474891)
(3982,0.713701)
(3983,0.888844)
(3984,0.984543)
(3985,0.992322)
(3986,0.911432)
(3987,0.749181)
(3988,0.519937)
(3989,0.244351)
(3990,-0.0531739)
(3991,-0.345947)
(3992,-0.607711)
(3993,-0.815286)
(3994,-0.949973)
(3995,-0.999845)
(3996,-0.960375)
(3997,-0.835157)
(3998,-0.635279)
(3999,-0.378747)
(4000,-0.0882786)
(4001,0.210078)
(4002,0.489557)
(4003,0.725411)
(4004,0.89639)
(4005,0.987356)
(4006,0.990096)
(4007,0.904417)
(4008,0.737906)
(4009,0.505564)
(4010,0.227964)
(4011,-0.0700052)
(4012,-0.361605)
(4013,-0.621016)
(4014,-0.824866)
(4015,-0.955105)
(4016,-1)
(4017,-0.955575)
(4018,-0.825764)
(4019,-0.622261)
(4020,-0.363087)
(4021,-0.0714692)
(4022,0.226416)
(4023,0.504191)
(4024,0.736832)
(4025,0.903737)
(4026,0.989889)
(4027,0.987607)
(4028,0.897094)
(4029,0.726504)
(4030,0.490943)
(4031,0.211513)
(4032,-0.086695)
(4033,-0.377276)
(4034,-0.63405)
(4035,-0.834282)
(4036,-0.959965)
(4037,-0.999872)
(4038,-0.950469)
(4039,-0.816206)
(4040,-0.608972)
(4041,-0.347324)
(4042,-0.0547613)
(4043,0.242809)
(4044,0.518578)
(4045,0.748128)
(4046,0.910828)
(4047,0.992125)
(4048,0.98482)
(4049,0.889571)
(4050,0.714813)
(4051,0.476182)
(4052,0.195122)
(4053,-0.103482)
(4054,-0.392726)
(4055,-0.647)
(4056,-0.84346)
(4057,-0.96452)
(4058,-0.99946)
(4059,-0.945132)
(4060,-0.806347)
(4061,-0.59551)
(4062,-0.331576)
(4063,-0.0379161)
(4064,0.259014)
(4065,0.532922)
(4066,0.759211)
(4067,0.91761)
(4068,0.994096)
(4069,0.981776)
(4070,0.881742)
(4071,0.702919)
(4072,0.461395)
(4073,0.178555)
(4074,-0.120118)
(4075,-0.408178)
(4076,-0.659765)
(4077,-0.852335)
(4078,-0.968835)
(4079,-0.99877)
(4080,-0.939489)
(4081,-0.796259)
(4082,-0.581978)
(4083,-0.31562)
(4084,-0.0211821)
(4085,0.275265)
(4086,0.547115)
(4087,0.77)
(4088,0.924182)
(4089,0.995773)
(4090,0.978432)
(4091,0.873662)
(4092,0.690914)
(4093,0.446369)
(4094,0.162059)
(4095,-0.136842)
(4096,-0.423514)
(4097,-0.672253)
(4098,-0.861033)
(4099,-0.972846)
(4100,-0.997791)
(4101,-0.933578)
(4102,-0.78602)
(4103,-0.568183)
(4104,-0.299691)
(4105,-0.00432019)
(4106,0.291437)
(4107,0.561051)
(4108,0.780649)
(4109,0.930447)
(4110,0.99718)
(4111,0.974809)
(4112,0.865395)
(4113,0.678625)
(4114,0.431326)
(4115,0.145396)
(4116,-0.153526)
(4117,-0.43862)
(4118,-0.684641)
(4119,-0.869425)
(4120,-0.97661)
(4121,-0.996529)
(4122,-0.927448)
(4123,-0.775484)
(4124,-0.554327)
(4125,-0.283561)
(4126,0.012543)
(4127,0.30741)
(4128,0.57493)
(4129,0.791002)
(4130,0.936494)
(4131,0.998304)
(4132,0.970939)
(4133,0.856822)
(4134,0.666234)
(4135,0.416051)
(4136,0.128691)
(4137,-0.170047)
(4138,-0.453712)
(4139,-0.696747)
(4140,-0.877633)
(4141,-0.980097)
(4142,-0.994996)
(4143,-0.92101)
(4144,-0.764806)
(4145,-0.540214)
(4146,-0.26735)
(4147,0.0292806)
(4148,0.323413)
(4149,0.588547)
(4150,0.801207)
(4151,0.942274)
(4152,0.999139)
(4153,0.966765)
(4154,0.84807)
(4155,0.653564)
(4156,0.400658)
(4157,0.112072)
(4158,-0.18664)
(4159,-0.468567)
(4160,-0.708744)
(4161,-0.885591)
(4162,-0.983283)
(4163,-0.99317)
(4164,-0.91436)
(4165,-0.753833)
(4166,-0.525946)
(4167,-0.251181)
(4168,0.0461319)
(4169,0.339208)
(4170,0.602096)
(4171,0.811183)
(4172,0.947747)
(4173,0.999696)
(4174,0.962349)
(4175,0.839014)
(4176,0.640708)
(4177,0.385263)
(4178,0.0952995)
(4179,-0.20306)
(4180,-0.483397)
(4181,-0.72054)
(4182,-0.893243)
(4183,-0.986214)
(4184,-0.991077)
(4185,-0.907402)
(4186,-0.742646)
(4187,-0.511634)
(4188,-0.234824)
(4189,0.0628483)
(4190,0.355023)
(4191,0.615474)
(4192,0.820859)
(4193,0.952992)
(4194,0.999969)
(4195,0.957629)
(4196,0.82972)
(4197,0.627765)
(4198,0.369648)
(4199,0.0786217)
(4200,-0.219543)
(4201,-0.49809)
(4202,-0.732047)
(4203,-0.900697)
(4204,-0.988846)
(4205,-0.988689)
(4206,-0.900187)
(4207,-0.731331)
(4208,-0.497073)
(4209,-0.218518)
(4210,0.0796687)
(4211,0.370737)
(4212,0.628582)
(4213,0.830374)
(4214,0.957931)
(4215,0.99996)
(4216,0.952636)
(4217,0.820259)
(4218,0.61455)
(4219,0.354041)
(4220,0.0618)
(4221,-0.235963)
(4222,-0.512536)
(4223,-0.74343)
(4224,-0.907843)
(4225,-0.991217)
(4226,-0.986019)
(4227,-0.89277)
(4228,-0.719726)
(4229,-0.482477)
(4230,-0.202032)
(4231,0.0964665)
(4232,0.386232)
(4233,0.641608)
(4234,0.839585)
(4235,0.962634)
(4236,0.999667)
(4237,0.947412)
(4238,0.810497)
(4239,0.601257)
(4240,0.33822)
(4241,0.0449607)
(4242,-0.252198)
(4243,-0.526943)
(4244,-0.754523)
(4245,-0.914785)
(4246,-0.993306)
(4247,-0.983091)
(4248,-0.885046)
(4249,-0.708003)
(4250,-0.467639)
(4251,-0.185488)
(4252,0.113116)
(4253,0.401732)
(4254,0.654358)
(4255,0.848626)
(4256,0.967064)
(4257,0.999094)
(4258,0.941881)
(4259,0.800578)
(4260,0.587697)
(4261,0.322303)
(4262,0.0282307)
(4263,-0.26848)
(4264,-0.541097)
(4265,-0.765482)
(4266,-0.921466)
(4267,-0.9951)
(4268,-0.979864)
(4269,-0.877129)
(4270,-0.695994)
(4271,-0.452667)
(4272,-0.169012)
(4273,0.129854)
(4274,0.417006)
(4275,0.667017)
(4276,0.857426)
(4277,0.97119)
(4278,0.998235)
(4279,0.936125)
(4280,0.790359)
(4281,0.573971)
(4282,0.30641)
(4283,0.0113707)
(4284,-0.284568)
(4285,-0.555201)
(4286,-0.776224)
(4287,-0.92784)
(4288,-0.996626)
(4289,-0.976384)
(4290,-0.868906)
(4291,-0.683786)
(4292,-0.437676)
(4293,-0.152368)
(4294,0.146435)
(4295,0.432273)
(4296,0.679485)
(4297,0.86592)
(4298,0.97507)
(4299,0.997101)
(4300,0.930062)
(4301,0.779916)
(4302,0.560182)
(4303,0.290315)
(4304,-0.00537052)
(4305,-0.300693)
(4306,-0.569147)
(4307,-0.786669)
(4308,-0.933998)
(4309,-0.99786)
(4310,-0.972602)
(4311,-0.860436)
(4312,-0.671475)
(4313,-0.422452)
(4314,-0.135801)
(4315,0.163095)
(4316,0.447417)
(4317,0.691673)
(4318,0.874232)
(4319,0.978648)
(4320,0.995676)
(4321,0.923734)
(4322,0.769329)
(4323,0.546133)
(4324,0.274255)
(4325,-0.0222322)
(4326,-0.316733)
(4327,-0.582832)
(4328,-0.796968)
(4329,-0.939848)
(4330,-0.998821)
(4331,-0.968544)
(4332,-0.851785)
(4333,-0.658884)
(4334,-0.407219)
(4335,-0.119075)
(4336,0.179709)
(4337,0.462326)
(4338,0.703753)
(4339,0.882237)
(4340,0.981975)
(4341,0.993968)
(4342,0.917192)
(4343,0.758447)
(4344,0.532033)
(4345,0.258)
(4346,-0.0390876)
(4347,-0.332567)
(4348,-0.596452)
(4349,-0.806968)
(4350,-0.945475)
(4351,-0.999498)
(4352,-0.964242)
(4353,-0.84283)
(4354,-0.646199)
(4355,-0.39176)
(4356,-0.102316)
(4357,0.196152)
(4358,0.477213)
(4359,0.715547)
(4360,0.890051)
(4361,0.985023)
(4362,0.991992)
(4363,0.910343)
(4364,0.74743)
(4365,0.51768)
(4366,0.241671)
(4367,-0.05581)
(4368,-0.348423)
(4369,-0.609805)
(4370,-0.816812)
(4371,-0.950832)
(4372,-0.999888)
(4373,-0.959636)
(4374,-0.833702)
(4375,-0.633238)
(4376,-0.37619)
(4377,-0.0856486)
(4378,0.212659)
(4379,0.491858)
(4380,0.727225)
(4381,0.897611)
(4382,0.987771)
(4383,0.989722)
(4384,0.903287)
(4385,0.736121)
(4386,0.503179)
(4387,0.225393)
(4388,-0.0726385)
(4389,-0.364066)
(4390,-0.623083)
(4391,-0.826424)
(4392,-0.955884)
(4393,-0.999998)
(4394,-0.954793)
(4395,-0.824272)
(4396,-0.620097)
(4397,-0.360626)
(4398,-0.0688356)
(4399,0.228987)
(4400,0.50647)
(4401,0.738696)
(4402,0.904864)
(4403,0.99026)
(4404,0.987189)
(4405,0.895924)
(4406,0.724603)
(4407,0.488641)
(4408,0.208932)
(4409,-0.0893248)
(4410,-0.379719)
(4411,-0.636184)
(4412,-0.835734)
(4413,-0.960701)
(4414,-0.999826)
(4415,-0.949645)
(4416,-0.814607)
(4417,-0.606876)
(4418,-0.344847)
(4419,-0.052125)
(4420,0.245369)
(4421,0.520938)
(4422,0.749877)
(4423,0.911914)
(4424,0.992452)
(4425,0.984358)
(4426,0.888306)
(4427,0.712964)
(4428,0.473859)
(4429,0.192532)
(4430,-0.106107)
(4431,-0.395265)
(4432,-0.649011)
(4433,-0.844875)
(4434,-0.965213)
(4435,-0.99937)
(4436,-0.944226)
(4437,-0.804783)
(4438,-0.593387)
(4439,-0.329085)
(4440,-0.0352778)
(4441,0.261681)
(4442,0.535154)
(4443,0.760926)
(4444,0.918656)
(4445,0.994379)
(4446,0.981247)
(4447,0.880493)
(4448,0.701039)
(4449,0.459051)
(4450,0.175957)
(4451,-0.12286)
(4452,-0.410587)
(4453,-0.661747)
(4454,-0.853712)
(4455,-0.969485)
(4456,-0.998629)
(4457,-0.938581)
(4458,-0.794659)
(4459,-0.579829)
(4460,-0.313114)
(4461,-0.0184206)
(4462,0.277802)
(4463,0.549323)
(4464,0.771681)
(4465,0.925188)
(4466,0.996023)
(4467,0.977883)
(4468,0.872374)
(4469,0.689003)
(4470,0.444005)
(4471,0.159332)
(4472,-0.139456)
(4473,-0.425904)
(4474,-0.674205)
(4475,-0.862372)
(4476,-0.973481)
(4477,-0.997612)
(4478,-0.932629)
(4479,-0.784385)
(4480,-0.566008)
(4481,-0.297055)
(4482,-0.00168015)
(4483,0.293961)
(4484,0.563235)
(4485,0.782297)
(4486,0.931456)
(4487,0.997375)
(4488,0.974217)
(4489,0.864069)
(4490,0.676683)
(4491,0.428832)
(4492,0.142783)
(4493,-0.156135)
(4494,-0.440991)
(4495,-0.686563)
(4496,-0.870787)
(4497,-0.977175)
(4498,-0.996306)
(4499,-0.926458)
(4500,-0.773814)
(4501,-0.552026)
(4502,-0.281028)
(4503,0.0151828)
(4504,0.309921)
(4505,0.577088)
(4506,0.792689)
(4507,0.937416)
(4508,0.998454)
(4509,0.970304)
(4510,0.855458)
(4511,0.664171)
(4512,0.413649)
(4513,0.126073)
(4514,-0.172648)
(4515,-0.456063)
(4516,-0.698726)
(4517,-0.878896)
(4518,-0.980618)
(4519,-0.994729)
(4520,-0.919979)
(4521,-0.763023)
(4522,-0.53799)
(4523,-0.264805)
(4524,0.0319194)
(4525,0.32591)
(4526,0.590778)
(4527,0.802784)
(4528,0.943155)
(4529,0.999245)
(4530,0.966087)
(4531,0.846603)
(4532,0.651563)
(4533,0.398237)
(4534,0.109448)
(4535,-0.189233)
(4536,-0.471005)
(4537,-0.710604)
(4538,-0.886814)
(4539,-0.98376)
(4540,-0.992858)
(4541,-0.913238)
(4542,-0.752096)
(4543,-0.523699)
(4544,-0.248625)
(4545,0.048769)
(4546,0.341805)
(4547,0.604202)
(4548,0.812724)
(4549,0.948586)
(4550,0.999758)
(4551,0.961595)
(4552,0.837575)
(4553,0.638679)
(4554,0.382826)
(4555,0.0926712)
(4556,-0.205764)
(4557,-0.485707)
(4558,-0.722368)
(4559,-0.894426)
(4560,-0.986647)
(4561,-0.990705)
(4562,-0.90629)
(4563,-0.740875)
(4564,-0.509364)
(4565,-0.232256)
(4566,0.0656047)
(4567,0.35749)
(4568,0.617553)
(4569,0.822364)
(4570,0.953789)
(4571,0.999987)
(4572,0.956865)
(4573,0.828243)
(4574,0.625708)
(4575,0.367193)
(4576,0.0758678)
(4577,-0.222118)
(4578,-0.500378)
(4579,-0.733843)
(4580,-0.90184)
(4581,-0.989253)
(4582,-0.988289)
(4583,-0.899034)
(4584,-0.729528)
(4585,-0.494781)
(4586,-0.215822)
(4587,0.0823001)
(4588,0.373187)
(4589,0.630633)
(4590,0.831842)
(4591,0.95872)
(4592,0.999933)
(4593,0.95183)
(4594,0.818746)
(4595,0.612465)
(4596,0.351456)
(4597,0.0591648)
(4598,-0.238528)
(4599,-0.514802)
(4600,-0.745194)
(4601,-0.908998)
(4602,-0.991562)
(4603,-0.985576)
(4604,-0.891577)
(4605,-0.717891)
(4606,-0.480056)
(4607,-0.199445)
(4608,0.0990939)
(4609,0.388666)
(4610,0.64363)
(4611,0.841082)
(4612,0.963346)
(4613,0.999595)
(4614,0.946564)
(4615,0.808948)
(4616,0.599048)
(4617,0.335734)
(4618,0.0423232)
(4619,-0.254752)
(4620,-0.529185)
(4621,-0.756333)
(4622,-0.915848)
(4623,-0.993607)
(4624,-0.982605)
(4625,-0.883814)
(4626,-0.70605)
(4627,-0.465303)
(4628,-0.182893)
(4629,0.115738)
(4630,0.404148)
(4631,0.656445)
(4632,0.85002)
(4633,0.967733)
(4634,0.998979)
(4635,0.940991)
(4636,0.79892)
(4637,0.585559)
(4638,0.319803)
(4639,0.0255916)
(4640,-0.271022)
(4641,-0.543418)
(4642,-0.767178)
(4643,-0.922489)
(4644,-0.995358)
(4645,-0.979333)
(4646,-0.875799)
(4647,-0.694095)
(4648,-0.450311)
(4649,-0.166409)
(4650,0.132471)
(4651,0.419515)
(4652,0.668981)
(4653,0.858781)
(4654,0.971815)
(4655,0.998075)
(4656,0.93515)
(4657,0.788739)
(4658,0.571807)
(4659,0.303896)
(4660,0.00873074)
(4661,-0.287215)
(4662,-0.557395)
(4663,-0.777885)
(4664,-0.928822)
(4665,-0.996839)
(4666,-0.975783)
(4667,-0.867596)
(4668,-0.681858)
(4669,-0.435301)
(4670,-0.149758)
(4671,0.149167)
(4672,0.434652)
(4673,0.68142)
(4674,0.867238)
(4675,0.975652)
(4676,0.996887)
(4677,0.929088)
(4678,0.778261)
(4679,0.557993)
(4680,0.287788)
(4681,-0.00813258)
(4682,-0.30321)
(4683,-0.571316)
(4684,-0.788296)
(4685,-0.934938)
(4686,-0.998037)
(4687,-0.971985)
(4688,-0.859088)
(4689,-0.669516)
(4690,-0.420058)
(4691,-0.133064)
(4692,0.165699)
(4693,0.449777)
(4694,0.693577)
(4695,0.87551)
(4696,0.979212)
(4697,0.995427)
(4698,0.92272)
(4699,0.76764)
(4700,0.54392)
(4701,0.271598)
(4702,-0.0248716)
(4703,-0.319236)
(4704,-0.584975)
(4705,-0.79856)
(4706,-0.940788)
(4707,-0.998946)
(4708,-0.967883)
(4709,-0.850399)
(4710,-0.656896)
(4711,-0.404695)
(4712,-0.116454)
(4713,0.182305)
(4714,0.464666)
(4715,0.705626)
(4716,0.883534)
(4717,0.982471)
(4718,0.993675)
(4719,0.916137)
(4720,0.756724)
(4721,0.529692)
(4722,0.255448)
(4723,-0.0417255)
(4724,-0.335056)
(4725,-0.598569)
(4726,-0.808596)
(4727,-0.946331)
(4728,-0.999578)
(4729,-0.963539)
(4730,-0.841406)
(4731,-0.644088)
(4732,-0.38933)
(4733,-0.0996891)
(4734,0.19874)
(4735,0.479531)
(4736,0.717474)
(4737,0.891251)
(4738,0.985474)
(4739,0.991656)
(4740,0.909247)
(4741,0.745592)
(4742,0.515419)
(4743,0.239109)
(4744,-0.0584458)
(4745,-0.350896)
(4746,-0.611992)
(4747,-0.818332)
(4748,-0.951647)
(4749,-0.999924)
(4750,-0.95889)
(4751,-0.832174)
(4752,-0.631192)
(4753,-0.373742)
(4754,-0.0830179)
(4755,0.215238)
(4756,0.494261)
(4757,0.729035)
(4758,0.898772)
(4759,0.988179)
(4760,0.989341)
(4761,0.902099)
(4762,0.734332)
(4763,0.500895)
(4764,0.22282)
(4765,-0.0752714)
(4766,-0.366637)
(4767,-0.625146)
(4768,-0.827908)
(4769,-0.956656)
(4770,-0.99999)
(4771,-0.953968)
(4772,-0.822774)
(4773,-0.618023)
(4774,-0.358162)
(4775,-0.0662016)
(4776,0.231675)
(4777,0.508744)
(4778,0.740473)
(4779,0.905985)
(4780,0.990624)
(4781,0.986744)
(4782,0.894748)
(4783,0.722781)
(4784,0.486336)
(4785,0.20635)
(4786,-0.0920755)
(4787,-0.38216)
(4788,-0.638218)
(4789,-0.837181)
(4790,-0.961431)
(4791,-0.999771)
(4792,-0.948814)
(4793,-0.813073)
(4794,-0.604776)
(4795,-0.342367)
(4796,-0.0493664)
(4797,0.247927)
(4798,0.523189)
(4799,0.751621)
(4800,0.912994)
(4801,0.992787)
(4802,0.98389)
(4803,0.887091)
(4804,0.711111)
(4805,0.471533)
(4806,0.18982)
(4807,-0.108732)
(4808,-0.397689)
(4809,-0.651017)
(4810,-0.846285)
(4811,-0.965932)
(4812,-0.999272)
(4813,-0.943353)
(4814,-0.803213)
(4815,-0.59126)
(4816,-0.326475)
(4817,-0.0326393)
(4818,0.264228)
(4819,0.537383)
(4820,0.762636)
(4821,0.919744)
(4822,0.994655)
(4823,0.980735)
(4824,0.879239)
(4825,0.699154)
(4826,0.456595)
(4827,0.173357)
(4828,-0.125479)
(4829,-0.412993)
(4830,-0.663724)
(4831,-0.855148)
(4832,-0.970129)
(4833,-0.998487)
(4834,-0.937667)
(4835,-0.793054)
(4836,-0.577577)
(4837,-0.310606)
(4838,-0.0157809)
(4839,0.280337)
(4840,0.551527)
(4841,0.773435)
(4842,0.926186)
(4843,0.996255)
(4844,0.977327)
(4845,0.871081)
(4846,0.686998)
(4847,0.441638)
(4848,0.156725)
(4849,-0.14207)
(4850,-0.428292)
(4851,-0.676243)
(4852,-0.863706)
(4853,-0.974082)
(4854,-0.997427)
(4855,-0.931673)
(4856,-0.782669)
(4857,-0.56383)
(4858,-0.294533)
(4859,0.000959906)
(4860,0.296484)
(4861,0.565515)
(4862,0.783938)
(4863,0.932413)
(4864,0.997562)
(4865,0.973618)
(4866,0.862675)
(4867,0.674737)
(4868,0.426446)
(4869,0.14017)
(4870,-0.158742)
(4871,-0.443469)
(4872,-0.68848)
(4873,-0.872082)
(4874,-0.977732)
(4875,-0.996076)
(4876,-0.925414)
(4877,-0.772139)
(4878,-0.549823)
(4879,-0.278494)
(4880,0.0178225)
(4881,0.312546)
(4882,0.579242)
(4883,0.794296)
(4884,0.938332)
(4885,0.998597)
(4886,0.969632)
(4887,0.854087)
(4888,0.662195)
(4889,0.411244)
(4890,0.123453)
(4891,-0.175368)
(4892,-0.458411)
(4893,-0.700612)
(4894,-0.880152)
(4895,-0.981132)
(4896,-0.994442)
(4897,-0.918941)
(4898,-0.761314)
(4899,-0.535763)
(4900,-0.262258)
(4901,0.03468)
(4902,0.328404)
(4903,0.592906)
(4904,0.804355)
(4905,0.944029)
(4906,0.999348)
(4907,0.965402)
(4908,0.845195)
(4909,0.649558)
(4910,0.395814)
(4911,0.106702)
(4912,-0.191825)
(4913,-0.473332)
(4914,-0.712459)
(4915,-0.888031)
(4916,-0.984253)
(4917,-0.99254)
(4918,-0.91216)
(4919,-0.750353)
(4920,-0.521448)
(4921,-0.245949)
(4922,0.0514057)
(4923,0.344285)
(4924,0.606304)
(4925,0.81426)
(4926,0.949457)
(4927,0.999812)
(4928,0.960867)
(4929,0.836129)
(4930,0.636645)
(4931,0.380273)
(4932,0.0900421)
(4933,-0.208347)
(4934,-0.488013)
(4935,-0.724191)
(4936,-0.895658)
(4937,-0.987074)
(4938,-0.990343)
(4939,-0.905171)
(4940,-0.7391)
(4941,-0.506985)
(4942,-0.229688)
(4943,0.0682388)
(4944,0.359954)
(4945,0.619627)
(4946,0.823933)
(4947,0.954579)
(4948,0.999997)
(4949,0.956095)
(4950,0.826761)
(4951,0.623551)
(4952,0.364736)
(4953,0.0732351)
(4954,-0.224691)
(4955,-0.502662)
(4956,-0.735716)
(4957,-0.902978)
(4958,-0.989636)
(4959,-0.987883)
(4960,-0.897875)
(4961,-0.727636)
(4962,-0.492485)
(4963,-0.213243)
(4964,0.0849309)
(4965,0.375635)
(4966,0.632774)
(4967,0.833304)
(4968,0.959468)
(4969,0.999899)
(4970,0.951017)
(4971,0.817157)
(4972,0.610376)
(4973,0.348983)
(4974,0.0565291)
(4975,-0.241091)
(4976,-0.517168)
(4977,-0.746952)
(4978,-0.910095)
(4979,-0.991901)
(4980,-0.985126)
(4981,-0.890323)
(4982,-0.71605)
(4983,-0.477739)
(4984,-0.196858)
(4985,0.101721)
(4986,0.39121)
(4987,0.645649)
(4988,0.842508)
(4989,0.964051)
(4990,0.999516)
(4991,0.945669)
(4992,0.807393)
(4993,0.596932)
(4994,0.333246)
(4995,0.0396853)
(4996,-0.257422)
(4997,-0.531423)
(4998,-0.758057)
(4999,-0.916905)
